1   6.70000008540228e-06   7.14999987394549e-05   16
2   1.0299998393747956e-05   5.1300001359777525e-05   64
3   1.0199997632298619e-05   3.0800001695752144e-05   144
4   1.2900000001536682e-05   2.6900001103058457e-05   256
5   1.5899997379165143e-05   2.8100002964492887e-05   400
6   2.4600001779617742e-05   2.849999873433262e-05   576
7   2.5700002879602835e-05   2.9599999834317714e-05   784
8   3.170000127283856e-05   2.809999932651408e-05   1024
9   2.7300000510876998e-05   4.8099998821271583e-05   1296
10   2.4400000256719068e-05   2.9899998480686918e-05   1600
14   0.00028870000096503645   4.5500000851461664e-05   3136
16   5.2600000344682485e-05   6.0999998822808266e-05   4096
20   7.700000060140155e-05   0.00012269999933778308   6400
23   0.00015759999951114878   6.070000017643906e-05   8464
27   0.00012490000153775327   0.0003304999991087243   11664
36   0.0002204000011261087   0.00030669999978272244   20736
50   0.0007213000026240479   0.00015669999993406236   40000
100   0.003757700000278419   0.0003212000010535121   160000
130   0.00473490000149468   0.0005079999973531812   270400
150   0.0071026999976311345   0.0005730000011681113   360000
210   0.013763299997663125   0.0010856000008061528   705600
270   0.022174900001118658   0.0016378000000258908   1166400
350   0.04049250000025495   0.0031858000002102926   1960000
420   0.06363680000140448   0.003992499998275889   2822400
500   0.09662829999797395   0.005941400002484443   4000000
560   0.12628699999913806   0.009026300002005883   5017600
600   0.13486460000058287   0.009174399998300942   5760000
750   0.20817199999873992   0.020326400001067668   9000000
890   0.25836419999905047   0.02702810000118916   12673600
950   0.268416699997033   0.0338993000004848   14440000
1000   0.2798331000012695   0.03048309999940102   16000000
5000   4.605608800000482   3.3641311999999743   400000000
1   0.01528870000038296   0.015247899998939829   16
2   2.13999992411118e-05   0.00010230000043520704   64
3   1.8300001102034003e-05   7.049999840091914e-05   144
4   2.2499996703118086e-05   6.130000110715628e-05   256
5   1.4499997632810846e-05   3.780000042752363e-05   400
6   1.68999977177009e-05   3.5400000342633575e-05   576
7   1.9400002202019095e-05   3.440000000409782e-05   784
8   2.2899999748915434e-05   3.380000271135941e-05   1024
9   2.59000007645227e-05   3.35000004270114e-05   1296
10   3.099999958067201e-05   3.6299999919719994e-05   1600
14   5.270000110613182e-05   3.8899997889529914e-05   3136
16   6.719999873894267e-05   6.450000000768341e-05   4096
20   9.32000002649147e-05   6.370000119204633e-05   6400
23   0.00011789999916800298   5.6400000175926834e-05   8464
27   0.00014970000120229088   6.489999941550195e-05   11664
36   0.0004515999971772544   0.00019890000112354755   20736
50   0.0009725999989314005   0.00019429999883868732   40000
100   0.0036368000000948086   0.00042659999962779693   160000
130   0.006743800000549527   0.0007081999974616338   270400
150   0.010450300000229618   0.0008615999977337196   360000
210   0.017965099999855738   0.0019363999999768566   705600
270   0.027969900002062786   0.001979699998628348   1166400
350   0.05000609999842709   0.003102099999523489   1960000
420   0.07406629999968573   0.005916399997659028   2822400
500   0.10210969999752706   0.006436400002712617   4000000
560   0.12126420000276994   0.008813199998257915   5017600
600   0.13955469999928027   0.010020100002293475   5760000
750   0.20738369999889983   0.01978410000083386   9000000
890   0.2529869999998482   0.02598519999810378   12673600
950   0.26917630000025383   0.02617889999964973   14440000
1000   0.30943090000073425   0.030413399999815738   16000000
5000   4.7041189999981725   3.6484748000002583   400000000
1   0.0199267999996664   0.015235200000461191   16
2   1.5199999324977398e-05   0.0002193000000261236   64
3   1.679999695625156e-05   5.3800002206116915e-05   144
4   1.340000017080456e-05   3.479999941191636e-05   256
5   1.5099998563528061e-05   3.5000000934815034e-05   400
6   1.7799997294787318e-05   3.430000288062729e-05   576
7   2.3100001271814108e-05   3.6699999327538535e-05   784
8   2.399999721092172e-05   3.520000245771371e-05   1024
9   2.7300000510876998e-05   3.479999941191636e-05   1296
10   3.139999898849055e-05   3.740000101970509e-05   1600
14   5.239999882178381e-05   5.2900002629030496e-05   3136
16   6.579999899258837e-05   5.7999997807201e-05   4096
20   9.439999848837033e-05   6.22000006842427e-05   6400
23   0.00011589999849093147   5.539999983739108e-05   8464
27   0.00015659999917261302   7.259999983943999e-05   11664
36   0.00025459999960730784   0.0001565000020491425   20736
50   0.0008052000011957716   0.0001956999985850416   40000
100   0.003559799999493407   0.00044069999785278924   160000
130   0.005532300001505064   0.0006052999997336883   270400
150   0.007485699999961071   0.0007957000016176607   360000
210   0.01851840000017546   0.0011612999987846706   705600
270   0.028199799999129027   0.0020506000000750646   1166400
350   0.04623219999848516   0.0026987000019289553   1960000
420   0.06884309999804827   0.005605599999398692   2822400
500   0.10378210000271793   0.007615700000314973   4000000
560   0.12936899999840534   0.00963670000055572   5017600
600   0.1498777999986487   0.01148309999916819   5760000
750   0.2162596999987727   0.01865449999968405   9000000
890   0.25626569999803905   0.02431070000238833   12673600
950   0.27371969999876455   0.02862250000180211   14440000
1000   0.3044545000011567   0.03769710000051418   16000000
5000   4.748993199998949   3.5888276000005135   400000000
1   0.023084600001311628   0.020426499999302905   16
2   2.010000025620684e-05   9.929999941959977e-05   64
3   1.9600000086938962e-05   6.430000212276354e-05   144
4   2.010000025620684e-05   6.369999755406752e-05   256
5   3.020000076503493e-05   5.7699999160831794e-05   400
6   4.069999704370275e-05   5.680000322172418e-05   576
7   4.199999966658652e-05   6.780000330763869e-05   784
8   4.709999848273583e-05   6.070000017643906e-05   1024
9   2.6799996703630313e-05   4.1200000850949436e-05   1296
10   2.9200000426499173e-05   3.849999848171137e-05   1600
14   5.109999983687885e-05   5.059999966761097e-05   3136
16   5.929999679210596e-05   5.440000313683413e-05   4096
20   8.410000009462237e-05   5.839999721501954e-05   6400
23   0.00012690000221482478   5.3499999921768904e-05   8464
27   0.00013070000204606913   6.450000000768341e-05   11664
36   0.00044939999861526303   0.0001827000014600344   20736
50   0.0009699000002001412   0.00024059999850578606   40000
100   0.004049199997098185   0.00047810000251047313   160000
130   0.006767500002752058   0.0008354999990842771   270400
150   0.010491299999557668   0.02186920000167447   360000
210   0.019778599998971913   0.0011816000005637761   705600
270   0.025722300000779796   0.00221610000153305   1166400
350   0.046150099999067606   0.0038074000003689434   1960000
420   0.07490840000173193   0.004325499998230953   2822400
500   0.09416710000004969   0.006184699999721488   4000000
560   0.12415089999922202   0.00886710000122548   5017600
600   0.14231310000104713   0.011014399999112356   5760000
750   0.21910009999919566   0.015229800002998672   9000000
890   0.25180660000114585   0.02491790000203764   12673600
950   0.283264000001509   0.028314300001511583   14440000
1000   0.2858109000007971   0.04063800000221818   16000000
5000   5.2193600999999035   3.592270599998301   400000000
1   0.02314219999971101   0.015810100001544924   16
2   1.5800000255694613e-05   7.580000237794593e-05   64
3   1.1500000255182385e-05   3.699999797390774e-05   144
4   1.3199998647905886e-05   3.51999988197349e-05   256
5   2.4599998141638935e-05   6.900000153109431e-05   400
6   1.7000002117129043e-05   3.619999915827066e-05   576
7   2.13999992411118e-05   3.6699999327538535e-05   784
8   2.3699998564552516e-05   3.5400000342633575e-05   1024
9   2.7300000510876998e-05   3.5400000342633575e-05   1296
10   3.100000321865082e-05   3.5899996873922646e-05   1600
14   5.249999958323315e-05   7.439999899361283e-05   3136
16   7.510000068577938e-05   5.48999996681232e-05   4096
20   9.270000009564683e-05   5.700000110664405e-05   6400
23   0.0002730999985942617   7.980000009411015e-05   8464
27   0.0002812999991874676   0.00013279999984661117   11664
36   0.00027209999825572595   0.0001483999985794071   20736
50   0.0009886000007099938   0.00019940000129281543   40000
100   0.0033278000009886455   0.0003871000008075498   160000
130   0.006625199999689357   0.0006242999988899101   270400
150   0.00788990000000922   0.0007494999990740325   360000
210   0.01620809999803896   0.0010701000028348062   705600
270   0.02635519999967073   0.002346699999179691   1166400
350   0.048286500001267996   0.0026491999997233506   1960000
420   0.06406470000001718   0.004364599997643381   2822400
500   0.09956360000069253   0.006653799999185139   4000000
560   0.12498109999796725   0.008865200001309859   5017600
600   0.1388821000000462   0.010696900000766618   5760000
750   0.21041340000010678   0.017073499999241903   9000000
890   0.2780770000026678   0.025536599998304155   12673600
950   0.27705280000009225   0.03094549999877927   14440000
1000   0.2988407000011648   0.0353106000002299   16000000
5000   4.932534600000508   3.4300460999984352   400000000
1   0.022953299998334842   0.022851300000183983   16
2   2.2899999748915434e-05   0.00010230000043520704   64
3   1.6099998902063817e-05   5.529999907594174e-05   144
4   1.5100002201506868e-05   4.079999780515209e-05   256
5   1.7700000171316788e-05   3.9599999581696466e-05   400
6   2.2000000171829015e-05   3.719999949680641e-05   576
7   2.6500001695239916e-05   3.7999998312443495e-05   784
8   3.1299998227041215e-05   3.7599998904624954e-05   1024
9   4.189999890513718e-05   3.7500001781154424e-05   1296
10   4.4600001274375245e-05   4.5900000259280205e-05   1600
14   0.00030049999986658804   0.00014089999967836775   3136
16   6.569999823113903e-05   0.00012659999993047677   4096
20   0.0001157000006060116   0.00013079999916953966   6400
23   0.00012880000213044696   0.0008753000001888722   8464
27   0.00015189999976428226   6.720000237692147e-05   11664
36   0.0003496999997878447   0.00014699999883305281   20736
50   0.0009443999988434371   0.00018760000239126384   40000
100   0.0037708999989263248   0.00045089999912306666   160000
130   0.005385200001910562   0.0006792999993194826   270400
150   0.007537500001490116   0.0007826000000932254   360000
210   0.015774499999679392   0.0012420999992173165   705600
270   0.026537800000369316   0.0017726000005495735   1166400
350   0.04370850000123028   0.002971300000353949   1960000
420   0.06759569999849191   0.004366900000604801   2822400
500   0.09543119999943883   0.006635400000959635   4000000
560   0.12028129999816883   0.00867149999976391   5017600
600   0.1375131999993755   0.009598900000128197   5760000
750   0.2148027999974147   0.01872400000138441   9000000
890   0.2530445000011241   0.021914400000241585   12673600
950   0.273460199998226   0.03232650000063586   14440000
1000   0.29968920000101207   0.03933189999952447   16000000
5000   4.99000089999754   3.4833638000018254   400000000
1   0.022535899999638787   0.020903000000544125   16
2   1.5699999494245276e-05   7.980000009411015e-05   64
3   1.1199997970834374e-05   3.9599999581696466e-05   144
4   1.4199998986441642e-05   3.360000118846074e-05   256
5   1.4400000509340316e-05   3.2899999496294186e-05   400
6   1.7099999240599573e-05   3.3200001780642197e-05   576
7   1.9600000086938962e-05   3.359999755048193e-05   784
8   2.2799998987466097e-05   3.360000118846074e-05   1024
9   2.640000093379058e-05   3.35000004270114e-05   1296
10   2.9899998480686918e-05   3.4500000765547156e-05   1600
14   5.070000042906031e-05   3.6299999919719994e-05   3136
16   0.00010169999950448982   8.22000001790002e-05   4096
20   9.359999967273325e-05   6.0100002883700654e-05   6400
23   0.00011780000204453245   5.6400000175926834e-05   8464
27   0.00015029999849502929   6.539999958476983e-05   11664
36   0.0002567000010458287   0.00017149999985122122   20736
50   0.000796300002548378   0.00016849999883561395   40000
100   0.0031839000002946705   0.0003462000022409484   160000
130   0.006118099998275284   0.0005857000032847282   270400
150   0.007518099999288097   0.0007097000016074162   360000
210   0.015327600001910469   0.0011725000003934838   705600
270   0.027660599997034296   0.003798600002482999   1166400
350   0.053657799999200506   0.002590500000223983   1960000
420   0.06693089999680524   0.004543099999864353   2822400
500   0.09766700000182027   0.0064269999966199975   4000000
560   0.12978640000073938   0.008771000000706408   5017600
600   0.14247009999962756   0.010087500002555316   5760000
750   0.2133471000015561   0.016754000000219094   9000000
890   0.25790539999798057   0.02719710000019404   12673600
950   0.27477559999897494   0.031097499999305   14440000
1000   0.2880611000000499   0.030934999998862622   16000000
5000   4.8864370999981475   3.6262955000020156   400000000
1   0.02010560000053374   0.020344199998362456   16
2   2.2000000171829015e-05   0.00010289999772794545   64
3   1.5499997971346602e-05   7.18000010238029e-05   144
4   2.130000211764127e-05   5.529999907594174e-05   256
5   2.5299999833805487e-05   4.86999997519888e-05   400
6   1.7099999240599573e-05   3.650000144261867e-05   576
7   3.890000152750872e-05   6.510000093840063e-05   784
8   4.1799998143687844e-05   6.550000034621917e-05   1024
9   5.310000051395036e-05   4.909999915980734e-05   1296
10   6.150000263005495e-05   4.640000042854808e-05   1600
14   0.0001095000006898772   4.940000144415535e-05   3136
16   0.00013490000128513202   6.310000026132911e-05   4096
20   0.0002015999998548068   8.470000102533959e-05   6400
23   0.00016909999976633117   9.219999992637895e-05   8464
27   0.00039789999937056564   0.00011490000179037452   11664
36   0.00034640000012586825   0.00016930000128922984   20736
50   0.0010120999977516476   0.00019190000239177607   40000
100   0.004437999999936437   0.0005904000026930589   160000
130   0.008987099998194026   0.0006170000015117694   270400
150   0.007762599998386577   0.0005974000014248304   360000
210   0.015638799999578623   0.0011793000012403354   705600
270   0.02787460000035935   0.0023589999982505105   1166400
350   0.050563200002216036   0.0026122999988729134   1960000
420   0.07251320000068517   0.004211200001009274   2822400
500   0.09821229999943171   0.0064211999997496605   4000000
560   0.12197670000023209   0.008713100000022678   5017600
600   0.14562429999932647   0.01077120000263676   5760000
750   0.2095036999999138   0.015063499999087071   9000000
890   0.2557312000026286   0.021619699997245334   12673600
950   0.28006449999884353   0.031142899999395013   14440000
1000   0.2886006999979145   0.03133059999890975   16000000
5000   5.050434400000086   3.485902000000351   400000000
1   0.01758709999921848   0.01772479999999632   16
2   1.5300000086426735e-05   7.239999831654131e-05   64
3   1.089999932446517e-05   3.640000068116933e-05   144
4   1.2499996955739334e-05   3.3300002542091534e-05   256
5   1.4400000509340316e-05   3.35000004270114e-05   400
6   1.6900001355679706e-05   3.3799999073380604e-05   576
7   1.9899998733308166e-05   3.400000059627928e-05   784
8   2.2899999748915434e-05   3.369999831193127e-05   1024
9   4.450000051292591e-05   6.089999806135893e-05   1296
10   3.060000017285347e-05   3.529999958118424e-05   1600
14   0.00015590000111842528   4.149999949731864e-05   3136
16   5.94000011915341e-05   4.519999856711365e-05   4096
20   7.929999992484227e-05   0.00014430000010179356   6400
23   0.00011569999696803279   0.00014820000069448724   8464
27   0.00024219999977503903   0.00015999999959603883   11664
36   0.00044889999844599515   0.0002457000009599142   20736
50   0.0008959000006143469   0.000414699999964796   40000
100   0.0033137999998871237   0.0005488999995577615   160000
130   0.005959899997833418   0.0006780000003345776   270400
150   0.007865499999752501   0.0006672000017715618   360000
210   0.018781399998260895   0.00340900000082911   705600
270   0.028131899998697918   0.0019056999990425538   1166400
350   0.04329860000143526   0.002874800000427058   1960000
420   0.08400620000247727   0.005911199998081429   2822400
500   0.10803609999857144   0.008425100000749808   4000000
560   0.12913060000209953   0.008961100000306033   5017600
600   0.14061860000219895   0.010807299997395603   5760000
750   0.20901649999723304   0.020757100002811057   9000000
890   0.25412019999930635   0.024636699999973644   12673600
950   0.2671178999989934   0.028427699999156175   14440000
1000   0.28442250000080094   0.03170719999980065   16000000
5000   4.949037300000782   3.3972801999989315   400000000
1   0.021764000000985106   0.015490300000237767   16
2   1.6100002540042624e-05   7.519999780924991e-05   64
3   1.2700002116616815e-05   3.899999865097925e-05   144
4   1.2900000001536682e-05   3.479999941191636e-05   256
5   1.5000001440057531e-05   3.4199998481199145e-05   400
6   1.750000228639692e-05   3.359999755048193e-05   576
7   2.0600000425474718e-05   3.479999941191636e-05   784
8   2.3600001441081986e-05   3.4599997889017686e-05   1024
9   2.2300002456177026e-05   3.1699997634859756e-05   1296
10   2.4400000256719068e-05   2.6900001103058457e-05   1600
14   0.0001869000006990973   4.070000068168156e-05   3136
16   0.00013300000136950985   5.6000000768108293e-05   4096
20   9.340000178781338e-05   5.789999704575166e-05   6400
23   0.00011760000052163377   7.03999976394698e-05   8464
27   0.00015050000001792796   6.529999882332049e-05   11664
36   0.00025150000146823004   0.00014289999671746045   20736
50   0.0008228999977291096   0.00018800000179908238   40000
100   0.003253999999287771   0.0004031999997096136   160000
130   0.00624700000116718   0.0006252999992284458   270400
150   0.008956200003012782   0.0007701999966229778   360000
210   0.017936899999767775   0.001214200001413701   705600
270   0.03187830000024405   0.0017779000008886214   1166400
350   0.04277639999781968   0.002884600002289517   1960000
420   0.06656229999862262   0.004392599999846425   2822400
500   0.09218799999871408   0.005980599999020342   4000000
560   0.12101320000147098   0.008811200001218822   5017600
600   0.13943139999901177   0.009851800001342781   5760000
750   0.2147863000027428   0.01662909999868134   9000000
890   0.25012779999815393   0.02220360000137589   12673600
950   0.26816730000064126   0.026324700000259327   14440000
1000   0.292396099997859   0.0329094000007899   16000000
5000   4.939093400000274   3.591941400001815   400000000
