1   9.800001862458885e-06   8.370000068680383e-05   16
2   1.2900000001536682e-05   4.1200000850949436e-05   64
3   1.5199999324977398e-05   3.719999949680641e-05   144
4   1.469999915570952e-05   3.130000186502002e-05   256
5   1.5699999494245276e-05   2.7499998395796865e-05   400
6   1.929999780259095e-05   2.6200003048870713e-05   576
7   2.3299999156733975e-05   2.59000007645227e-05   784
8   2.7300000510876998e-05   2.6599998818710446e-05   1024
9   3.2599997211946175e-05   2.840000161086209e-05   1296
10   3.680000008898787e-05   2.6199999410891905e-05   1600
14   0.0004363000007288065   4.5000000682193786e-05   3136
16   0.000152900000102818   5.819999933009967e-05   4096
20   0.00011249999806750566   5.9300000430084765e-05   6400
23   0.0001315000008617062   0.00019949999841628596   8464
27   0.00023439999858965166   0.0006847000004199799   11664
36   0.00023100000180420466   0.00028190000011818483   20736
50   0.0008764000012888573   0.00019270000120741315   40000
100   0.003882499997416744   0.00046460000157821923   160000
130   0.008002599999599624   0.0006685999978799373   270400
150   0.009137400000327034   0.0007966000011947472   360000
210   0.01687799999854178   0.0014085000002523884   705600
270   0.023728700001811376   0.001760799998010043   1166400
350   0.040856600000552135   0.002776699999230914   1960000
420   0.07106799999746727   0.0052251000015530735   2822400
500   0.10670850000315113   0.0062613999980385415   4000000
560   0.12556899999981397   0.03837769999881857   5017600
600   0.15732650000063586   0.012593899999046698   5760000
750   0.2767512999998871   0.04831719999856432   9000000
890   0.3021937000012258   0.03221730000223033   12673600
950   0.3114948000002187   0.03574060000028112   14440000
1000   0.33412160000079894   0.05010789999869303   16000000
5000   5.197783799998433   3.4621704000019236   400000000
1   0.021424900001875358   0.019818699998722877   16
2   2.8399997972883284e-05   0.0001188000023830682   64
3   2.3699998564552516e-05   5.5900000006658956e-05   144
4   2.8500002372311428e-05   5.3599997045239434e-05   256
5   4.859999899053946e-05   5.410000085248612e-05   400
6   4.289999924367294e-05   5.520000195247121e-05   576
7   5.109999983687885e-05   5.950000195298344e-05   784
8   6.540000322274864e-05   5.2299998060334474e-05   1024
9   3.8899997889529914e-05   4.260000059730373e-05   1296
10   6.70000008540228e-05   6.459999713115394e-05   1600
14   0.00011820000145235099   6.579999899258837e-05   3136
16   0.00015910000001895241   9.049999789567664e-05   4096
20   0.00028920000113430433   9.819999831961468e-05   6400
23   0.0003529999994498212   0.0001159999992523808   8464
27   0.00022869999884278513   0.00012789999891538173   11664
36   0.0006761000004189555   0.00023019999935058877   20736
50   0.0010849999998754356   0.0002266000010422431   40000
100   0.00843410000015865   0.0008825000004435424   160000
130   0.013463899998896522   0.0006009999997331761   270400
150   0.008096699999441626   0.0007131999991543125   360000
210   0.01643990000229678   0.0010841000002983492   705600
270   0.029360900000028778   0.001883199998701457   1166400
350   0.049774999999499414   0.0025987999979406595   1960000
420   0.0950888000006671   0.006054099998436868   2822400
500   0.10341349999725935   0.007054900001094211   4000000
560   0.13109739999708836   0.011162400001921924   5017600
600   0.15586980000080075   0.010296699998434633   5760000
750   0.2211526999999478   0.020683099999587284   9000000
890   0.26432869999916875   0.024604900001577334   12673600
950   0.277614700000413   0.03366950000054203   14440000
1000   0.29447720000098343   0.0354109999971115   16000000
5000   5.143768599999021   4.851735100000951   400000000
1   0.02276499999788939   0.02221090000239201   16
2   3.460000152699649e-05   9.339999814983457e-05   64
3   1.6599999071331695e-05   5.289999899105169e-05   144
4   1.8900002032751217e-05   3.979999746661633e-05   256
5   2.220000169472769e-05   3.9200000173877925e-05   400
6   4.369999805931002e-05   6.56000011076685e-05   576
7   2.7800000680144876e-05   3.859999924316071e-05   784
8   3.149999974993989e-05   3.740000101970509e-05   1024
9   6.790000043110922e-05   6.27999979769811e-05   1296
10   7.419999747071415e-05   5.860000237589702e-05   1600
14   0.00012540000170702115   6.260000009206124e-05   3136
16   0.0001540000012028031   7.959999857121147e-05   4096
20   0.00020470000163186342   8.229999730247073e-05   6400
23   0.0002634999982547015   9.130000034929253e-05   8464
27   0.0003735999998752959   8.460000026389025e-05   11664
36   0.00035969999953522347   0.0001641000017116312   20736
50   0.0011202999994566198   0.0003393000006326474   40000
100   0.0047088999999687076   0.0006586999988940079   160000
130   0.00595699999757926   0.0007487000002583954   270400
150   0.008791500000370434   0.0007346000020334031   360000
210   0.018219599998701597   0.0011450999991211575   705600
270   0.03005029999985709   0.0017761000017344486   1166400
350   0.0531154999989667   0.004719100001238985   1960000
420   0.08173549999992247   0.0048553999986324925   2822400
500   0.11256279999724939   0.011051400000724243   4000000
560   0.14408280000134255   0.019061099999817088   5017600
600   0.17511369999920134   0.013649500000610715   5760000
750   0.22361260000252514   0.017349300000205403   9000000
890   0.27198409999982687   0.03133879999950295   12673600
950   0.288017699996999   0.057601800002885284   14440000
1000   0.3091370000001916   0.0350672000022314   16000000
5000   5.652510699997947   3.7627635000026203   400000000
1   0.018226300002424978   0.018890499999542953   16
2   2.0299998141126707e-05   7.220000043162145e-05   64
3   1.5399997209897265e-05   3.840000135824084e-05   144
4   1.8500002624932677e-05   3.7999998312443495e-05   256
5   2.2799998987466097e-05   3.9999998989515007e-05   400
6   2.550000135670416e-05   3.980000110459514e-05   576
7   2.9899998480686918e-05   4.0499999158782884e-05   784
8   3.18000020342879e-05   3.5400000342633575e-05   1024
9   3.870000000461005e-05   4.1200000850949436e-05   1296
10   3.980000110459514e-05   3.559999822755344e-05   1600
14   6.22000006842427e-05   3.2800002372823656e-05   3136
16   0.00046629999997094274   0.00015530000018770806   4096
20   0.00011799999992945231   5.6700002460274845e-05   6400
23   0.0003012000015587546   6.579999899258837e-05   8464
27   0.0001564999984111637   6.819999907747842e-05   11664
36   0.00027430000045569614   0.0001596000001882203   20736
50   0.0010734999996202532   0.00021319999723345973   40000
100   0.003625499997724546   0.00039450000258511864   160000
130   0.00601480000113952   0.0005934999971941579   270400
150   0.008968200003437232   0.0006861999972898047   360000
210   0.020383799997944152   0.0013864000029570889   705600
270   0.03161960000215913   0.001971699999558041   1166400
350   0.05162639999980456   0.0028124000018578954   1960000
420   0.07236679999914486   0.004429900000104681   2822400
500   0.10827599999902304   0.007106500001100358   4000000
560   0.12891160000071977   0.013401899999735178   5017600
600   0.1487539999980072   0.01036240000030375   5760000
750   0.22640600000158884   0.02371569999741041   9000000
890   0.26208649999898626   0.023139299999456853   12673600
950   0.2689042999991216   0.0277274000000034   14440000
1000   0.3186754000016663   0.044478399999206886   16000000
5000   5.477022999999463   4.1757925000019895   400000000
1   0.023014899998088367   0.021534700001211604   16
2   2.1600000764010474e-05   9.349999891128391e-05   64
3   2.130000211764127e-05   5.409999721450731e-05   144
4   2.049999966402538e-05   4.310000076657161e-05   256
5   3.849999848171137e-05   5.210000017541461e-05   400
6   2.689999746507965e-05   3.97000003431458e-05   576
7   3.110000034212135e-05   5.329999839887023e-05   784
8   3.4199998481199145e-05   3.710000237333588e-05   1024
9   3.7999998312443495e-05   3.7000001611886546e-05   1296
10   4.619999890564941e-05   4.3399999412940815e-05   1600
14   0.0001143000008596573   6.360000043059699e-05   3136
16   8.630000229459256e-05   5.759999839938246e-05   4096
20   0.0001311999985773582   6.10999995842576e-05   6400
23   0.0001474999990023207   5.790000068373047e-05   8464
27   0.0002629999980854336   7.650000043213367e-05   11664
36   0.0003122000016446691   0.00016009999671950936   20736
50   0.0009327999978268053   0.00022119999994174577   40000
100   0.0036915999990014825   0.0003982999987783842   160000
130   0.006067399997846223   0.0005963000003248453   270400
150   0.007891799999924842   0.0005855000017618295   360000
210   0.015863700002228143   0.001244899998710025   705600
270   0.031040900001244154   0.002094899999065092   1166400
350   0.04824210000151652   0.005893799996556481   1960000
420   0.08058710000113933   0.007718499997281469   2822400
500   0.10397670000020298   0.006565499999851454   4000000
560   0.13324139999895124   0.011913900001673028   5017600
600   0.1504203000004054   0.010941900000034366   5760000
750   0.21808020000025863   0.018326599998545134   9000000
890   0.28862560000197846   0.02822350000133156   12673600
950   0.2757732999998552   0.03877640000064275   14440000
1000   0.30727960000149324   0.029468499997165054   16000000
5000   5.574027700000443   3.6741442999991705   400000000
1   0.01940420000028098   0.01708390000203508   16
2   2.399999721092172e-05   8.35999999253545e-05   64
3   1.759999940986745e-05   4.2499999835854396e-05   144
4   2.049999966402538e-05   4.13999987358693e-05   256
5   2.4400000256719068e-05   4.1200000850949436e-05   400
6   2.890000178012997e-05   4.41999982285779e-05   576
7   2.8600003133760765e-05   3.539999670465477e-05   784
8   3.3700001949910074e-05   3.469999865046702e-05   1024
9   3.930000093532726e-05   3.440000000409782e-05   1296
10   4.439999975147657e-05   3.35000004270114e-05   1600
14   0.00021859999833395705   4.850000186706893e-05   3136
16   0.00021239999841782264   6.639999992330559e-05   4096
20   0.00014060000103199854   0.0001750999981595669   6400
23   0.0001740000006975606   0.00019999999858555384   8464
27   0.0002238000015495345   0.00018089999866788276   11664
36   0.0004558000000542961   0.0002688000022317283   20736
50   0.001588600000104634   0.0004780000017490238   40000
100   0.003964100000303006   0.0007134000006772112   160000
130   0.006457200001023011   0.0008927999988372903   270400
150   0.009114799999224488   0.0007184999994933605   360000
210   0.017344200001389254   0.0013063000005786307   705600
270   0.03057980000085081   0.002540699999372009   1166400
350   0.04774779999934253   0.0030962000018917024   1960000
420   0.07690670000010869   0.00450980000096024   2822400
500   0.1043521999999939   0.0069191000002319925   4000000
560   0.12998089999746298   0.008732700000109617   5017600
600   0.1460540999978548   0.010356700000556884   5760000
750   0.2116117999976268   0.01431600000069011   9000000
890   0.2590684000024339   0.024270800000522286   12673600
950   0.26963210000030813   0.03430569999909494   14440000
1000   0.29927279999901657   0.03157460000147694   16000000
5000   5.0988204999994196   3.7110417999974743   400000000
1   0.02554740000050515   0.02775169999949867   16
2   4.949999856762588e-05   0.0001995999991777353   64
3   5.329999839887023e-05   0.00021300000298651867   144
4   5.699999746866524e-05   0.00013590000162366778   256
5   6.489999941550195e-05   0.0001790000023902394   400
6   5.860000237589702e-05   0.0001908999984152615   576
7   7.030000051599927e-05   0.00021800000104121864   784
8   7.120000009308569e-05   0.0001899999988381751   1024
9   0.00010770000153570436   9.019999924930744e-05   1296
10   9.990000035031699e-05   0.00029150000045774505   1600
14   0.0001961999987543095   0.00021689999994123355   3136
16   0.00016900000264286064   0.0002316999998583924   4096
20   0.00034890000097220764   0.0002213000007031951   6400
23   0.0004306999981054105   0.0002975999996124301   8464
27   0.0005958000001555774   0.00030930000139051117   11664
36   0.0008385000000998843   0.0007713999984844122   20736
50   0.001519899997219909   0.0010661000014806632   40000
100   0.005203900000196882   0.0005220000020926818   160000
130   0.008117199999105651   0.0009710000013001263   270400
150   0.011413299998821458   0.0009766000002855435   360000
210   0.02039130000048317   0.0018608000027597882   705600
270   0.030767300002480624   0.017969900000025518   1166400
350   0.054482700001244666   0.006127199998445576   1960000
420   0.10289520000151242   0.007474899997760076   2822400
500   0.14094069999919157   0.008632299999590032   4000000
560   0.13348839999889606   0.008264500000223052   5017600
600   0.1541789000002609   0.010515499998291489   5760000
750   0.2133010999968974   0.017818500000430504   9000000
890   0.26600450000114506   0.02579429999968852   12673600
950   0.27678779999769176   0.028967100002773805   14440000
1000   0.30072759999893606   0.04107030000159284   16000000
5000   5.028023500002746   3.493973399999959   400000000
1   0.018863799999962794   0.015030699996714247   16
2   2.049999966402538e-05   7.480000203941017e-05   64
3   1.469999915570952e-05   3.5799999750452116e-05   144
4   1.7600003047846258e-05   3.5099998058285564e-05   256
5   2.0600000425474718e-05   3.4500000765547156e-05   400
6   2.4400000256719068e-05   3.4199998481199145e-05   576
7   2.8399997972883284e-05   3.460000152699649e-05   784
8   3.149999974993989e-05   3.35000004270114e-05   1024
9   3.3399999665562063e-05   3.369999831193127e-05   1296
10   4.0400002035312355e-05   3.409999771974981e-05   1600
14   6.509999730042182e-05   3.710000237333588e-05   3136
16   7.919999916339293e-05   4.9700000090524554e-05   4096
20   0.0002445999998599291   0.00013439999747788534   6400
23   0.00013840000247000717   5.65999980608467e-05   8464
27   0.00017809999917517416   6.659999780822545e-05   11664
36   0.00029569999969680794   0.00014870000086375512   20736
50   0.0012161999984527938   0.00021189999824855477   40000
100   0.003983200000220677   0.0005065000004833564   160000
130   0.007762900000670925   0.0007299999997485429   270400
150   0.009043000001838664   0.000785099997301586   360000
210   0.016759399997681612   0.0013942000005044974   705600
270   0.03085070000088308   0.0019109000022581313   1166400
350   0.04561629999807337   0.0035306999998283572   1960000
420   0.06888500000059139   0.00572929999907501   2822400
500   0.09783899999820278   0.0072276000028068665   4000000
560   0.12349680000261287   0.01065299999754643   5017600
600   0.1382353000008152   0.010048600001027808   5760000
750   0.20898880000095232   0.01605550000022049   9000000
890   0.2680118999996921   0.02445110000189743   12673600
950   0.27374300000155927   0.03058489999966696   14440000
1000   0.30744440000125905   0.03086309999707737   16000000
5000   5.33222840000235   3.6353490999972564   400000000
1   0.02140569999755826   0.01670430000012857   16
2   1.97000008483883e-05   7.220000043162145e-05   64
3   1.639999754843302e-05   3.909999941242859e-05   144
4   1.6999998479150236e-05   3.4500000765547156e-05   256
5   1.979999797185883e-05   3.4100001357728615e-05   400
6   2.3399999918183312e-05   5.9300000430084765e-05   576
7   2.4000000848900527e-05   4.020000051241368e-05   784
8   2.8200000087963417e-05   3.270000161137432e-05   1024
9   2.9400001949397847e-05   2.59000007645227e-05   1296
10   3.2899999496294186e-05   2.4199998733820394e-05   1600
14   0.00013279999984661117   4.569999873638153e-05   3136
16   0.00021399999968707561   8.240000170189887e-05   4096
20   0.00026499999876250513   0.0001320000010309741   6400
23   0.0001458000006095972   5.509999755304307e-05   8464
27   0.000185800003237091   6.769999890821055e-05   11664
36   0.0005723000031139236   0.00020899999799439684   20736
50   0.0009320000026491471   0.00019690000044647604   40000
100   0.003710799999680603   0.0003644999997050036   160000
130   0.0064481999979761895   0.0006950000024517067   270400
150   0.008384600001591025   0.0006416999967768788   360000
210   0.016814200000226265   0.0012292999999772292   705600
270   0.028958299997611903   0.0017461999996157829   1166400
350   0.053604700002324535   0.0028396999987307936   1960000
420   0.06867629999760538   0.0041535000018484425   2822400
500   0.10600569999951404   0.006478100000094855   4000000
560   0.135813999997481   0.012124700002459576   5017600
600   0.16216590000112774   0.013964699999633012   5760000
750   0.23074690000066767   0.01985449999847333   9000000
890   0.25446670000019367   0.02682260000074166   12673600
950   0.2700282000005245   0.02893739999854006   14440000
1000   0.28799029999936465   0.032110100000863895   16000000
5000   4.9160591999971075   3.844016000002739   400000000
1   0.01912799999990966   0.015590399998473004   16
2   2.049999966402538e-05   7.240000195452012e-05   64
3   1.460000203223899e-05   3.619999915827066e-05   144
4   1.720000000204891e-05   3.449999712756835e-05   256
5   2.040000254055485e-05   3.389999983482994e-05   400
6   2.399999721092172e-05   3.4100001357728615e-05   576
7   6.13999982306268e-05   4.890000127488747e-05   784
8   3.229999856557697e-05   3.7000001611886546e-05   1024
9   3.690000085043721e-05   7.76999986555893e-05   1296
10   4.1799998143687844e-05   3.6600002204068005e-05   1600
14   0.00011190000077476725   6.260000009206124e-05   3136
16   8.170000000973232e-05   5.270000110613182e-05   4096
20   0.00015780000103404745   5.4700001783203334e-05   6400
23   0.00013580000086221844   5.189999865251593e-05   8464
27   0.00022489999901154079   8.340000204043463e-05   11664
36   0.0006321000000752974   0.0001937000015459489   20736
50   0.0008792000007815659   0.0001874999979918357   40000
100   0.0032973000015772413   0.0003682999995362479   160000
130   0.00601240000105463   0.0005425999988801777   270400
150   0.007988499997736653   0.0006414000017684884   360000
210   0.015303799998946488   0.001186900000902824   705600
270   0.03176519999760785   0.001824700000724988   1166400
350   0.04628200000297511   0.003138500000204658   1960000
420   0.07345720000012079   0.004891799999313662   2822400
500   0.09541779999926803   0.006520399998407811   4000000
560   0.12522750000061933   0.008879600001819199   5017600
600   0.14528790000258596   0.011916799998289207   5760000
750   0.22482880000097794   0.016650499997922452   9000000
890   0.25631029999931343   0.02710519999891403   12673600
950   0.276145899999392   0.026435799998580478   14440000
1000   0.28884670000115875   0.03004539999892586   16000000
5000   4.9855809999971825   3.7201488000027894   400000000
