1   8.600000001024455e-06   9.019999924930744e-05   6
2   6.70000008540228e-06   3.600000127335079e-05   24
3   5.999998393235728e-06   2.510000194888562e-05   54
4   7.200000254670158e-06   2.2099997295299545e-05   96
5   8.299997716676444e-06   2.1100000594742596e-05   150
6   1.049999991664663e-05   2.229999881819822e-05   216
7   1.2500000593718141e-05   2.2100000933278352e-05   294
8   1.4599998394260183e-05   2.4900000425986946e-05   384
9   1.7300000763498247e-05   2.1899999410379678e-05   486
10   2.0200001017656177e-05   2.2500000341096893e-05   600
14   3.389999983482994e-05   2.3799999326001853e-05   1176
16   5.390000296756625e-05   6.0299997130641714e-05   1536
20   8.480000178678893e-05   5.9699999837903306e-05   2400
23   8.139999772538431e-05   4.6799999836366624e-05   3174
27   0.00011359999916749075   4.949999856762588e-05   4374
36   0.0001807000007829629   0.001081099999282742   7776
50   0.0007595000024593901   0.00017379999917466193   15000
100   0.002584900001238566   0.00033659999826340936   60000
130   0.008540900002117269   0.0005682999981218018   101400
150   0.0075343999997130595   0.0006079999984649476   135000
210   0.01373050000256626   0.00106229999801144   264600
270   0.02519899999970221   0.0015488999997614883   437400
350   0.042598500000167405   0.0023948000016389415   735000
420   0.06481720000010682   0.003347300000314135   1058400
500   0.09363030000167782   0.005092100000183564   1500000
560   0.11729149999882793   0.005304700000124285   1881600
600   0.13827970000056666   0.006920099996932549   2160000
750   0.2046955000005255   0.008236300000135088   3375000
890   0.2644317999984196   0.012202000001707347   4752600
950   0.26314300000012736   0.013977799997519469   5415000
1000   0.28345720000288566   0.015766900000016904   6000000
5000   4.503121900001133   1.6099661000007472   150000000
1   0.0052300999996077735   0.011579199999687262   6
2   2.3299999156733975e-05   0.00011770000128308311   24
3   1.6099998902063817e-05   6.0200000007171184e-05   54
4   1.9499999325489625e-05   5.950000195298344e-05   96
5   2.390000008745119e-05   5.999999848427251e-05   150
6   2.8200000087963417e-05   5.990000136080198e-05   216
7   2.2799998987466097e-05   7.370000093942508e-05   294
8   3.909999941242859e-05   7.090000144671649e-05   384
9   4.359999729786068e-05   6.56000011076685e-05   486
10   6.780000330763869e-05   6.779999966965988e-05   600
14   8.620000153314322e-05   7.60000002628658e-05   1176
16   0.000163800003065262   9.809999755816534e-05   1536
20   0.00016029999824240804   0.00015630000052624382   2400
23   0.0002798999994411133   0.00012259999857633375   3174
27   0.0003419999993639067   0.00012889999925391749   4374
36   0.0004714999995485414   0.0002525000018067658   7776
50   0.0010643999994499609   0.0002567000010458287   15000
100   0.004483999997319188   0.0004454000008990988   60000
130   0.007256400000187568   0.0007947999984025955   101400
150   0.008152999998856103   0.0006681000013486482   135000
210   0.01654930000222521   0.00106229999801144   264600
270   0.030914499999198597   0.0015039000027172733   437400
350   0.04136780000044382   0.002169100000173785   735000
420   0.06736249999812571   0.0038817999993625563   1058400
500   0.08946310000101221   0.005406599997513695   1500000
560   0.11832199999844306   0.005529699999897275   1881600
600   0.136693300002662   0.007296699997823453   2160000
750   0.20856210000056308   0.009428099998331163   3375000
890   0.24731059999976424   0.012766199997713557   4752600
950   0.2710546999987855   0.015078600001288578   5415000
1000   0.2839917000019341   0.014405499998247251   6000000
5000   4.511445500000264   1.6118509999978414   150000000
1   0.005229499998677056   0.010676599998987513   6
2   2.2100000933278352e-05   0.00010710000060498714   24
3   1.1500000255182385e-05   5.48999996681232e-05   54
4   1.0200001270277426e-05   3.819999983534217e-05   96
5   1.1300002370262519e-05   3.51999988197349e-05   150
6   2.849999873433262e-05   5.1399998483248055e-05   216
7   3.7099998735357076e-05   4.859999899053946e-05   294
8   4.13999987358693e-05   0.0001843999998527579   384
9   4.389999958220869e-05   6.539999958476983e-05   486
10   4.690000059781596e-05   6.84000006003771e-05   600
14   7.750000077066943e-05   5.230000169831328e-05   1176
16   9.779999891179614e-05   0.00017630000002100132   1536
20   0.00014559999908669852   0.0004554999977699481   2400
23   0.00019740000061574392   0.00019429999883868732   3174
27   0.0002632999967318028   0.00018950000230688602   4374
36   0.00045060000047669746   0.0008201999989978503   7776
50   0.0010124000000359956   0.0004704000020865351   15000
100   0.0040948999994725455   0.0006683000028715469   60000
130   0.005702099999325583   0.0005429000011645257   101400
150   0.007647499998711282   0.000597800000832649   135000
210   0.014958799998566974   0.001012199998513097   264600
270   0.024298200001794612   0.0014364999988174532   437400
350   0.04365949999919394   0.0021912999982305337   735000
420   0.06720579999819165   0.003658600002381718   1058400
500   0.09057770000072196   0.005586999999650288   1500000
560   0.1151705000011134   0.006433299997297581   1881600
600   0.1335030000009283   0.007115199998224853   2160000
750   0.21244609999848763   0.008063699999183882   3375000
890   0.24622050000107265   0.013191400001232978   4752600
950   0.2623576999976649   0.015236499999446096   5415000
1000   0.27976810000109253   0.017107399999076733   6000000
5000   4.5246604999993   1.5880387000033807   150000000
1   0.004010699998616474   0.009765999999217456   6
2   2.2899999748915434e-05   0.0002877000006265007   24
3   1.6400001186411828e-05   6.209999992279336e-05   54
4   1.929999780259095e-05   6.350000330712646e-05   96
5   1.8700000509852543e-05   5.459999738377519e-05   150
6   1.97000008483883e-05   4.609999814420007e-05   216
7   3.3299998904112726e-05   7.550000009359792e-05   294
8   2.429999949526973e-05   4.3700001697288826e-05   384
9   4.320000152802095e-05   4.489999992074445e-05   486
10   3.270000161137432e-05   4.4600001274375245e-05   600
14   5.2999999752501026e-05   4.669999907491729e-05   1176
16   0.00015560000247205608   0.00010959999781334773   1536
20   8.08000004326459e-05   7.729999924777076e-05   2400
23   0.0002525000018067658   9.4600000011269e-05   3174
27   0.00033819999953266233   9.979999958886765e-05   4374
36   0.000609200000326382   0.00020280000171624124   7776
50   0.0009647999977460131   0.00021380000180215575   15000
100   0.003876699996908428   0.0004165999998804182   60000
130   0.007077000002027489   0.0007966999983182177   101400
150   0.008272300001408439   0.000683899997966364   135000
210   0.015345199997682357   0.0009415000022272579   264600
270   0.02584460000070976   0.0015060999976412859   437400
350   0.043351000000257045   0.0021491000006790273   735000
420   0.0708931000008306   0.003339300001243828   1058400
500   0.09656090000135009   0.005838400000357069   1500000
560   0.1173726999986684   0.005835399999341462   1881600
600   0.1386119000017061   0.00912869999956456   2160000
750   0.20552709999901708   0.008757600000535604   3375000
890   0.25188450000132434   0.01224029999866616   4752600
950   0.2833159000001615   0.015824899997824105   5415000
1000   0.28181240000049   0.015830100001039682   6000000
5000   4.6474717000019155   1.6100915999995777   150000000
1   0.00607289999970817   0.010107499998412095   6
2   2.4500001018168405e-05   0.00011810000069090165   24
3   1.2500000593718141e-05   5.199999941396527e-05   54
4   1.4199998986441642e-05   4.6299999667098746e-05   96
5   1.7400001524947584e-05   4.350000017439015e-05   150
6   2.0600000425474718e-05   4.2199997551506385e-05   216
7   2.519999907235615e-05   4.269999772077426e-05   294
8   3.020000076503493e-05   4.239999907440506e-05   384
9   3.619999915827066e-05   4.1200000850949436e-05   486
10   4.269999772077426e-05   4.260000059730373e-05   600
14   7.640000330866314e-05   0.000387399999453919   1176
16   6.510000093840063e-05   0.00026169999910052866   1536
20   9.130000034929253e-05   7.550000009359792e-05   2400
23   0.00011900000026798807   6.379999831551686e-05   3174
27   0.00019009999959962443   6.86999992467463e-05   4374
36   0.00025040000036824495   0.00014519999967887998   7776
50   0.0008481000004394446   0.00017839999782154337   15000
100   0.0033494999988761265   0.00036890000046696514   60000
130   0.006051699998351978   0.0005764000015915371   101400
150   0.008214500001486158   0.0006466000013460871   135000
210   0.016078399999969406   0.0011167999982717447   264600
270   0.026951899999403395   0.0015423000004375353   437400
350   0.048748799999884795   0.0023531999977421947   735000
420   0.06525399999736692   0.003646200002549449   1058400
500   0.11460349999833852   0.004915900000924012   1500000
560   0.12018330000137212   0.005966699998680269   1881600
600   0.1360726999992039   0.0066989000006287824   2160000
750   0.21046260000002803   0.008314000002428656   3375000
890   0.2593903999986651   0.012091799999325303   4752600
950   0.2708141999974032   0.014670900000055553   5415000
1000   0.2799521000015375   0.01626849999956903   6000000
5000   4.655819999999949   1.5696978000014497   150000000
1   0.005963100000371924   0.011548800001037307   6
2   2.090000270982273e-05   0.00010889999975915998   24
3   1.179999890155159e-05   4.720000288216397e-05   54
4   1.4000001101521775e-05   4.410000110510737e-05   96
5   1.7300000763498247e-05   4.579999949783087e-05   150
6   2.179999864893034e-05   4.270000135875307e-05   216
7   2.599999788799323e-05   4.320000152802095e-05   294
8   3.159999687341042e-05   4.320000152802095e-05   384
9   3.740000101970509e-05   4.239999907440506e-05   486
10   4.400000034365803e-05   4.310000076657161e-05   600
14   7.77000022935681e-05   4.5599997974932194e-05   1176
16   9.829999908106402e-05   0.00020869999934802763   1536
20   0.0001447000031475909   0.0001604999997653067   2400
23   0.0002015999998548068   9.130000034929253e-05   3174
27   0.0002572999983385671   0.00010409999958937988   4374
36   0.0002702000019780826   0.00016419999883510172   7776
50   0.0008181999983207788   0.00017810000281315297   15000
100   0.0035045000004174653   0.00043279999954393134   60000
130   0.005198900002142182   0.0005268999993859325   101400
150   0.007158899999922141   0.0006579999972018413   135000
210   0.01487720000295667   0.0012303999974392354   264600
270   0.028205599999637343   0.0015027000008558389   437400
350   0.04521749999912572   0.002164700003049802   735000
420   0.06423880000147619   0.003582599998480873   1058400
500   0.0983345000022382   0.005636899997625733   1500000
560   0.12119080000047688   0.005253799998172326   1881600
600   0.14004129999739234   0.006699800000205869   2160000
750   0.21002279999811435   0.009546900000714231   3375000
890   0.24479259999861824   0.012658999999985099   4752600
950   0.26368010000078357   0.014789599998039193   5415000
1000   0.3141326000004483   0.015137999998842133   6000000
5000   4.560106500000984   1.6645484000000579   150000000
1   0.00401889999920968   0.00823110000055749   6
2   2.049999966402538e-05   0.00010399999882793054   24
3   2.7099998987978324e-05   4.6799999836366624e-05   54
4   9.100000170292333e-06   3.0699997296324e-05   96
5   9.2999980552122e-06   2.7300000510876998e-05   150
6   1.1399999493733048e-05   2.3799999326001853e-05   216
7   1.4000001101521775e-05   2.3699998564552516e-05   294
8   1.6999998479150236e-05   2.4100001610349864e-05   384
9   1.9600000086938962e-05   2.350000067963265e-05   486
10   2.350000067963265e-05   2.479999966453761e-05   600
14   3.900000228895806e-05   2.7099998987978324e-05   1176
16   4.819999958272092e-05   4.3399999412940815e-05   1536
20   7.120000009308569e-05   0.0002120000026479829   2400
23   0.00016429999959655106   0.000637799999822164   3174
27   0.00014860000010230578   0.0005764000015915371   4374
36   0.0002505000011296943   0.0001467000001866836   7776
50   0.0008044999995036051   0.00017970000044442713   15000
100   0.0033647000018390827   0.00036869999894406646   60000
130   0.0053919999991194345   0.0005778000013378914   101400
150   0.007683899999392452   0.000637799999822164   135000
210   0.015246299997670576   0.001008300001558382   264600
270   0.026278599998477148   0.0015000999992480502   437400
350   0.04486009999891394   0.0023438999996869825   735000
420   0.06434230000013486   0.003605900001275586   1058400
500   0.09851210000124411   0.0050355999992461875   1500000
560   0.12423190000117756   0.005449399999633897   1881600
600   0.1404675000012503   0.007101499999407679   2160000
750   0.210446499997488   0.008258199999545468   3375000
890   0.24587370000153896   0.015619300000253133   4752600
950   0.2722622000001138   0.014174399999319576   5415000
1000   0.2935838999983389   0.016622800001641735   6000000
5000   4.6773599999978615   1.5850072000030195   150000000
1   0.004170500000327593   0.009574299998348579   6
2   2.4600001779617742e-05   0.00011139999696752056   24
3   1.6499998309882358e-05   5.909999890718609e-05   54
4   1.8700000509852543e-05   5.6799999583745375e-05   96
5   2.600000152597204e-05   5.499999679159373e-05   150
6   2.170000152545981e-05   6.239999856916256e-05   216
7   2.5299999833805487e-05   4.439999975147657e-05   294
8   2.9999999242136255e-05   4.2499999835854396e-05   384
9   3.550000110408291e-05   4.2199997551506385e-05   486
10   4.25000034738332e-05   4.1299997974419966e-05   600
14   7.239999831654131e-05   0.0004531999984465074   1176
16   9.970000246539712e-05   0.00033369999800925143   1536
20   0.00014459999874816276   0.0001875000016298145   2400
23   0.00013140000010025688   7.790000017848797e-05   3174
27   0.00013129999933880754   7.080000068526715e-05   4374
36   0.0002604000001156237   0.00015329999951063655   7776
50   0.0009118000016314909   0.00017769999976735562   15000
100   0.0036201000002620276   0.0004009000003861729   60000
130   0.006556800002726959   0.000703800000337651   101400
150   0.008877700001903577   0.0007100999973772559   135000
210   0.016707399998267647   0.0009548000016366132   264600
270   0.024672600000485545   0.0014601000002585351   437400
350   0.0425853000015195   0.0025256999979319517   735000
420   0.06963090000135708   0.003507900000840891   1058400
500   0.09301629999754368   0.005225400000199443   1500000
560   0.12080989999958547   0.0059725999999500345   1881600
600   0.14836819999982254   0.007090399998560315   2160000
750   0.20509210000091116   0.00747399999818299   3375000
890   0.25149019999662414   0.013450900001771515   4752600
950   0.28011289999994915   0.016821200002596015   5415000
1000   0.29512310000063735   0.015314599997509504   6000000
5000   4.717657900000631   1.5878500999970129   150000000
1   0.004133099999307888   0.01068410000152653   6
2   2.2000000171829015e-05   0.00011159999849041924   24
3   1.1000000085914508e-05   4.5599997974932194e-05   54
4   1.2399999832268804e-05   3.8300000596791506e-05   96
5   1.5899997379165143e-05   3.810000271187164e-05   150
6   1.939999856404029e-05   6.299999949987978e-05   216
7   2.4999997549457476e-05   4.1700001020217314e-05   294
8   2.9299997549969703e-05   4.050000279676169e-05   384
9   2.8599999495781958e-05   4.9199999921256676e-05   486
10   2.8800001018680632e-05   4.059999992023222e-05   600
14   4.5900000259280205e-05   3.590000051190145e-05   1176
16   5.690000034519471e-05   5.0400001782691106e-05   1536
20   8.349999916390516e-05   5.850000161444768e-05   2400
23   0.00029659999927389435   0.00014290000035543926   3174
27   0.0001472000003559515   0.0004455999987840187   4374
36   0.00023499999952036887   0.000152900000102818   7776
50   0.0007709000019531231   0.00017409999782103114   15000
100   0.0029999999969732016   0.00037260000317473896   60000
130   0.005588900003203889   0.0005055999972682912   101400
150   0.00833760000023176   0.0006373999967763666   135000
210   0.015409999999974389   0.0011179000030097086   264600
270   0.02821820000099251   0.0018581000003905501   437400
350   0.04243309999947087   0.002306700000190176   735000
420   0.06590409999989788   0.0033718000013323035   1058400
500   0.10107439999774215   0.00505660000271746   1500000
560   0.12696839999989606   0.005649700000503799   1881600
600   0.14039729999785777   0.007580600002256688   2160000
750   0.2192756999975245   0.008535200002370402   3375000
890   0.2661489000020083   0.014227100000425708   4752600
950   0.2710487000003923   0.017013000000588363   5415000
1000   0.2809978000004776   0.015273900000465801   6000000
5000   4.690731300001062   1.5826586999974097   150000000
1   0.006110800000897143   0.008865699997841148   6
2   1.6199999663513154e-05   7.869999899412505e-05   24
3   1.21000011858996e-05   4.579999949783087e-05   54
4   1.4099998224992305e-05   4.5900000259280205e-05   96
5   1.6699999832781032e-05   4.640000042854808e-05   150
6   1.8599999748403206e-05   4.510000144364312e-05   216
7   2.13999992411118e-05   4.619999890564941e-05   294
8   2.4500001018168405e-05   4.6299999667098746e-05   384
9   2.6900001103058457e-05   4.189999890513718e-05   486
10   3.0699997296324e-05   4.070000068168156e-05   600
14   4.989999797544442e-05   4.2400002712383866e-05   1176
16   6.370000119204633e-05   5.759999839938246e-05   1536
20   8.779999916441739e-05   6.740000026184134e-05   2400
23   0.00011280000035185367   6.229999780771323e-05   3174
27   0.00019320000137668103   6.999999823165126e-05   4374
36   0.0002575999969849363   0.0001458000006095972   7776
50   0.0008235999994212762   0.00021259999994072132   15000
100   0.003194900000380585   0.0003605999991123099   60000
130   0.006013199999870267   0.0005220999992161524   101400
150   0.007456900002580369   0.0005869999986316543   135000
210   0.014834800000244286   0.0009362999990116805   264600
270   0.024609299998701317   0.0014020999988133553   437400
350   0.04927590000079363   0.0021626999987347517   735000
420   0.06292899999971269   0.003519300000334624   1058400
500   0.09446270000262302   0.005283299997245194   1500000
560   0.12432840000110446   0.005387699999118922   1881600
600   0.13937929999883636   0.0069512000009126496   2160000
750   0.20569369999793707   0.01142970000000787   3375000
890   0.24918529999922612   0.014307699999335455   4752600
950   0.2744704999968235   0.013763300001301104   5415000
1000   0.3050550000007206   0.015798599997651763   6000000
5000   4.7509982000010496   1.601795200000197   150000000
