1   6.899997970322147e-06   3.139999898849055e-05   16
2   6.70000008540228e-06   1.8399998225504532e-05   64
3   6.599999323952943e-06   1.2500000593718141e-05   144
4   7.399998139590025e-06   1.1100000847363845e-05   256
5   8.600000001024455e-06   1.1299998732283711e-05   400
6   1.0700001439545304e-05   1.1500000255182385e-05   576
7   1.2700002116616815e-05   1.089999932446517e-05   784
8   1.5199999324977398e-05   1.340000017080456e-05   1024
9   1.840000186348334e-05   2.6199999410891905e-05   1296
10   2.1200001356191933e-05   1.3999997463542968e-05   1600
14   3.7099998735357076e-05   2.2400003217626363e-05   3136
16   0.0001340000017080456   3.079999805777334e-05   4096
20   8.849999721860513e-05   4.100000296602957e-05   6400
23   0.00010910000128205866   4.0899998566601425e-05   8464
27   0.00014139999984763563   4.5900000259280205e-05   11664
36   0.0002410000015515834   0.00012689999857684597   20736
50   0.0003619999988586642   0.00013070000204606913   40000
100   0.0019694000002346   0.00025379999715369195   160000
130   0.002779200000077253   0.00037959999826853164   270400
150   0.0032260000007227063   0.0003035000008821953   360000
210   0.01006779999806895   0.0012169000001449604   705600
270   0.02191070000117179   0.0020183000015094876   1166400
350   0.030641599998489255   0.0035930000012740493   1960000
420   0.05490309999731835   0.004881200002273545   2822400
500   0.07039639999857172   0.008082899999863002   4000000
560   0.09344509999937145   0.011392200001864694   5017600
600   0.08701549999750569   0.015440000002854504   5760000
750   0.18555209999976796   0.025250999999116175   9000000
890   0.27853350000077626   0.048780599998281104   12673600
950   0.2767650000023423   0.05417889999807812   14440000
1000   0.38623309999820776   0.1147488999995403   16000000
5000   4.898138799999288   3.812858299999789   400000000
1   0.0163819000008516   0.01677679999920656   16
2   2.2800002625444904e-05   5.749999763793312e-05   64
3   2.0700001186924055e-05   3.7099998735357076e-05   144
4   2.559999848017469e-05   3.3700001949910074e-05   256
5   2.719999974942766e-05   4.0099999750964344e-05   400
6   3.0100000003585592e-05   3.060000017285347e-05   576
7   3.49000001733657e-05   3.190000279573724e-05   784
8   2.5299999833805487e-05   2.640000093379058e-05   1024
9   5.740000051446259e-05   4.9199999921256676e-05   1296
10   3.229999856557697e-05   2.9899998480686918e-05   1600
14   4.709999848273583e-05   3.5300003219163045e-05   3136
16   5.570000212173909e-05   2.7599999157246202e-05   4096
20   8.110000271699391e-05   3.859999924316071e-05   6400
23   9.860000136541203e-05   4.160000025876798e-05   8464
27   0.00013420000323094428   4.819999958272092e-05   11664
36   0.00022399999943445437   8.349999916390516e-05   20736
50   0.001050899998517707   0.00012599999899975955   40000
100   0.003829000001132954   0.00037039999733678997   160000
130   0.00503979999848525   0.0003615000023273751   270400
150   0.006549399997311411   0.0005488000024342909   360000
210   0.01333100000192644   0.0014004999975441024   705600
270   0.024448299998766743   0.0021109999979671557   1166400
350   0.03864469999825815   0.0044320000015432015   1960000
420   0.07925750000140397   0.00633919999745558   2822400
500   0.07870069999989937   0.008770000000367872   4000000
560   0.07965130000229692   0.009516300000541378   5017600
600   0.09370859999762615   0.008610400000179652   5760000
750   0.1681255000003148   0.02561249999780557   9000000
890   0.21115190000273287   0.03372200000012526   12673600
950   0.22254700000121375   0.042562599999655504   14440000
1000   0.26086669999858714   0.05468450000262237   16000000
5000   4.775660600000265   3.735583999998198   400000000
1   0.01878009999927599   0.01662660000147298   16
2   1.7499998648418114e-05   6.040000153006986e-05   64
3   1.6900001355679706e-05   2.9999999242136255e-05   144
4   1.3799999578623101e-05   2.3100001271814108e-05   256
5   3.400000059627928e-05   3.980000110459514e-05   400
6   1.880000127130188e-05   2.4099997972371057e-05   576
7   2.1500000002561137e-05   4.319999789004214e-05   784
8   2.469999890308827e-05   3.0300001526484266e-05   1024
9   5.9399997553555295e-05   4.9700000090524554e-05   1296
10   5.319999763742089e-05   4.760000228998251e-05   1600
14   8.67000017024111e-05   5.120000059832819e-05   3136
16   0.00011799999992945231   4.5900000259280205e-05   4096
20   0.00017179999849759042   6.030000076862052e-05   6400
23   0.00012690000221482478   5.079999755253084e-05   8464
27   0.00016590000086580403   5.579999924520962e-05   11664
36   0.0002919999969890341   8.730000263312832e-05   20736
50   0.0005815000004076865   0.00012069999866071157   40000
100   0.0018362000009801704   0.00026149999757763   160000
130   0.0037488999987544958   0.00040330000047106296   270400
150   0.0045209999989310745   0.0003880000003846362   360000
210   0.008792600001470419   0.001194499996927334   705600
270   0.012702799998805858   0.0016333000021404587   1166400
350   0.03050200000143377   0.0040193999993789475   1960000
420   0.05282960000113235   0.005516600002010819   2822400
500   0.07316150000042398   0.007746200000838144   4000000
560   0.08530230000178562   0.01178290000098059   5017600
600   0.11175409999850672   0.014488600001641316   5760000
750   0.1526209999974526   0.02636050000000978   9000000
890   0.22063019999768585   0.034481000002415385   12673600
950   0.2529307999975572   0.041282500002125744   14440000
1000   0.25240449999910197   0.04899379999915254   16000000
5000   4.591079499998159   3.66471790000287   400000000
1   0.019083799998043105   0.016041599999880418   16
2   1.759999940986745e-05   4.27999984822236e-05   64
3   7.400001777568832e-06   1.5199999324977398e-05   144
4   8.200000593205914e-06   1.5499997971346602e-05   256
5   1.0300002031726763e-05   1.4400000509340316e-05   400
6   1.2000000424450263e-05   1.300000076298602e-05   576
7   1.4400000509340316e-05   1.2200001947348937e-05   784
8   1.720000000204891e-05   1.4900000678608194e-05   1024
9   2.010000025620684e-05   2.680000034160912e-05   1296
10   2.4000000848900527e-05   1.559999873279594e-05   1600
14   7.449999975506216e-05   4.7199999244185165e-05   3136
16   0.00014459999874816276   2.9599999834317714e-05   4096
20   7.889999687904492e-05   3.130000186502002e-05   6400
23   9.779999891179614e-05   5.500000042957254e-05   8464
27   0.00015810000331839547   0.0011937999988731463   11664
36   0.00026050000087707303   0.00026219999926979654   20736
50   0.00046999999904073775   8.730000263312832e-05   40000
100   0.002492999999958556   0.00020349999977042899   160000
130   0.002810099998896476   0.0003180999992764555   270400
150   0.004107099997781916   0.00040500000250176527   360000
210   0.011355999999068445   0.0013042999999015592   705600
270   0.01371830000061891   0.0021425000013550743   1166400
350   0.02486759999737842   0.003165500002069166   1960000
420   0.034548799998447066   0.0058809000001929235   2822400
500   0.05269890000272426   0.006664299999101786   4000000
560   0.08217700000022887   0.012256199999683304   5017600
600   0.11847269999998389   0.01457970000046771   5760000
750   0.16718559999935678   0.016790399997262284   9000000
890   0.20823969999764813   0.05986740000298596   12673600
950   0.24666579999757232   0.041490600000543054   14440000
1000   0.2595732000008866   0.042259699999704026   16000000
5000   4.610631999999896   3.7794275999985985   400000000
1   0.02333139999973355   0.024302499998157145   16
2   2.4099997972371057e-05   5.5500000598840415e-05   64
3   1.6500001947861165e-05   3.2500000088475645e-05   144
4   1.630000042496249e-05   2.5699999241624027e-05   256
5   1.849999898695387e-05   2.519999907235615e-05   400
6   2.049999966402538e-05   2.2599997464567423e-05   576
7   2.7499998395796865e-05   2.3600001441081986e-05   784
8   3.260000084992498e-05   2.849999873433262e-05   1024
9   2.7000001864507794e-05   4.239999907440506e-05   1296
10   2.800000220304355e-05   2.599999788799323e-05   1600
14   0.00012010000136797316   6.030000076862052e-05   3136
16   0.0001433000034012366   3.609999839682132e-05   4096
20   0.00020759999824804254   7.340000229305588e-05   6400
23   0.00018880000061471947   0.0002426999999443069   8464
27   0.0002752999971562531   0.0002080000012938399   11664
36   0.0005369999998947605   0.0005736999992222991   20736
50   0.0013394000015978236   0.00016419999883510172   40000
100   0.00407439999980852   0.0003318999988550786   160000
130   0.003901299998688046   0.0005841999991389457   270400
150   0.008092200001556193   0.0006441999976232182   360000
210   0.011452700000518234   0.0011852999996335711   705600
270   0.021447499999339925   0.002243900002213195   1166400
350   0.04155990000072052   0.00400439999793889   1960000
420   0.05399499999839463   0.00569050000194693   2822400
500   0.06801089999862597   0.008816800000204239   4000000
560   0.08094880000135163   0.009874600000330247   5017600
600   0.09977259999868693   0.012488199998188065   5760000
750   0.14659780000147293   0.023307399998884648   9000000
890   0.21361369999794988   0.03375420000156737   12673600
950   0.2208624000013515   0.0387678999977652   14440000
1000   0.22594659999958822   0.05797800000073039   16000000
5000   4.683842800001003   3.8312982999996166   400000000
1   0.020915900000545662   0.016724799999792594   16
2   1.840000186348334e-05   4.980000085197389e-05   64
3   1.300000076298602e-05   2.5699999241624027e-05   144
4   1.5000001440057531e-05   2.5299999833805487e-05   256
5   1.7499998648418114e-05   2.600000152597204e-05   400
6   3.809999907389283e-05   4.050000279676169e-05   576
7   2.300000051036477e-05   2.4500001018168405e-05   784
8   2.550000135670416e-05   2.6799996703630313e-05   1024
9   3.2500000088475645e-05   4.239999907440506e-05   1296
10   3.80000019504223e-05   3.229999856557697e-05   1600
14   6.169999687699601e-05   6.22000006842427e-05   3136
16   7.650000043213367e-05   3.819999983534217e-05   4096
20   0.00010349999865866266   4.600000102072954e-05   6400
23   0.00022949999765842222   7.109999933163635e-05   8464
27   0.00017839999782154337   6.750000102329068e-05   11664
36   0.0005397999993874691   0.00013250000120024197   20736
50   0.0015542000001005363   0.00015390000044135377   40000
100   0.004214000000501983   0.000307099999190541   160000
130   0.005326899998181034   0.0004144000013184268   270400
150   0.00507360000119661   0.0004405999970913399   360000
210   0.00956419999783975   0.001285700000153156   705600
270   0.022139199998491677   0.001979900000151247   1166400
350   0.027171300000190968   0.0031285000004572794   1960000
420   0.03423560000010184   0.0034849000003305264   2822400
500   0.07351680000283523   0.0069134999976085965   4000000
560   0.08809329999712645   0.012101700001949212   5017600
600   0.1282671000008122   0.018849000000045635   5760000
750   0.19567449999885866   0.026187499999650754   9000000
890   0.2228560000003199   0.03976250000050641   12673600
950   0.24139300000024377   0.056440299998939736   14440000
1000   0.271494900000107   0.05590039999879082   16000000
5000   4.662619399998221   3.9123217000014847   400000000
1   0.0182109000015771   0.01904609999837703   16
2   1.7700000171316788e-05   4.439999975147657e-05   64
3   1.300000076298602e-05   2.559999848017469e-05   144
4   1.5199999324977398e-05   2.5299999833805487e-05   256
5   1.7400001524947584e-05   2.640000093379058e-05   400
6   1.9600000086938962e-05   2.4499997380189598e-05   576
7   2.2899999748915434e-05   2.4900000425986946e-05   784
8   3.1699997634859756e-05   2.8500002372311428e-05   1024
9   2.8100002964492887e-05   4.1299997974419966e-05   1296
10   3.399999695830047e-05   2.9400001949397847e-05   1600
14   5.619999865302816e-05   3.590000051190145e-05   3136
16   6.900000153109431e-05   4.3700001697288826e-05   4096
20   9.520000094198622e-05   3.9299997297348455e-05   6400
23   0.00012480000077630393   4.359999729786068e-05   8464
27   0.00015999999959603883   5.0499998906161636e-05   11664
36   0.00031820000003790483   8.320000051753595e-05   20736
50   0.0005187000024307054   9.619999764254317e-05   40000
100   0.0017712000008032192   0.00020700000095530413   160000
130   0.003405600000405684   0.0003083000010519754   270400
150   0.003777599999011727   0.00039140000080806203   360000
210   0.007578000000648899   0.000853999998071231   705600
270   0.01333159999921918   0.0017274000019824598   1166400
350   0.025798200000281213   0.0035020000032091048   1960000
420   0.04197990000102436   0.006653700002061669   2822400
500   0.0902310999990732   0.007478100000298582   4000000
560   0.08394499999849359   0.011152999999467283   5017600
600   0.106633100000181   0.012746699998388067   5760000
750   0.14494989999730024   0.020071200000529643   9000000
890   0.2198071999991953   0.038870100001076935   12673600
950   0.24911190000057104   0.03546079999796348   14440000
1000   0.25380739999673096   0.0559240000002319   16000000
5000   4.665360700000747   4.199606199999835   400000000
1   0.01626369999939925   0.02004529999976512   16
2   2.1600000764010474e-05   5.6400000175926834e-05   64
3   1.4299999747890979e-05   3.0100000003585592e-05   144
4   1.3699998817173764e-05   2.260000110254623e-05   256
5   1.2000000424450263e-05   1.8799997633323073e-05   400
6   1.309999788645655e-05   1.4800003555137664e-05   576
7   1.5399997209897265e-05   1.4100001862971112e-05   784
8   2.3299999156733975e-05   2.229999881819822e-05   1024
9   2.4400000256719068e-05   3.070000093430281e-05   1296
10   2.8200000087963417e-05   1.8599999748403206e-05   1600
14   6.610000127693638e-05   4.020000051241368e-05   3136
16   0.00013620000027003698   3.730000025825575e-05   4096
20   0.0001666999996814411   3.989999822806567e-05   6400
23   0.00011159999849041924   0.00013620000027003698   8464
27   0.00015469999925699085   0.00011180000001331791   11664
36   0.0002587000017229002   8.909999814932235e-05   20736
50   0.0005657000001519918   0.0008425999985774979   40000
100   0.0031208000000333413   0.0003048999969905708   160000
130   0.005503300002601463   0.0003633999986050185   270400
150   0.004124999999476131   0.0004535000007308554   360000
210   0.013514800000848481   0.0016620999995211605   705600
270   0.015971599998010788   0.001841700002842117   1166400
350   0.023586999999679392   0.002679000001080567   1960000
420   0.04874059999929159   0.004426299998158356   2822400
500   0.07235130000117351   0.008826599998428719   4000000
560   0.11065729999972973   0.012695100002019899   5017600
600   0.10558390000005602   0.014548999999533407   5760000
750   0.14691269999821088   0.01649580000230344   9000000
890   0.2127215000000433   0.03338710000025458   12673600
950   0.24314640000011423   0.04180370000176481   14440000
1000   0.2630320999996911   0.046402100000705104   16000000
5000   4.556829699999071   3.8446054000014556   400000000
1   0.014258300001529278   0.016719100000045728   16
2   1.8500002624932677e-05   4.8099998821271583e-05   64
3   2.1500000002561137e-05   3.870000000461005e-05   144
4   2.099999983329326e-05   3.749999814317562e-05   256
5   2.359999780310318e-05   3.420000211917795e-05   400
6   2.9499999072868377e-05   3.3799999073380604e-05   576
7   4.8899997636908665e-05   3.460000152699649e-05   784
8   5.439999949885532e-05   3.5799999750452116e-05   1024
9   5.909999890718609e-05   5.2299998060334474e-05   1296
10   5.1799997891066596e-05   4.8000001697801054e-05   1600
14   4.859999899053946e-05   3.690000085043721e-05   3136
16   6.209999992279336e-05   2.9899998480686918e-05   4096
20   8.379999781027436e-05   4.190000254311599e-05   6400
23   0.00010520000068936497   6.0200000007171184e-05   8464
27   0.0003873000023304485   9.130000034929253e-05   11664
36   0.0004641999985324219   0.00013920000128564425   20736
50   0.0012374999969324563   0.00014390000069397502   40000
100   0.0037010999985795934   0.00021460000061779283   160000
130   0.003653600000689039   0.00044539999726112   270400
150   0.00704559999940102   0.00047540000014123507   360000
210   0.01145619999806513   0.0012687000016740058   705600
270   0.02989770000203862   0.002181299998483155   1166400
350   0.0376308999984758   0.0037936000007903203   1960000
420   0.05728129999988596   0.0047451999998884276   2822400
500   0.06230169999980717   0.00790920000144979   4000000
560   0.10032860000137589   0.010145100000954699   5017600
600   0.0906025000003865   0.014944400001695612   5760000
750   0.13343869999880553   0.023816799999622162   9000000
890   0.19851109999945038   0.030735299998923438   12673600
950   0.22536280000349507   0.046225299996876856   14440000
1000   0.2563909999989846   0.0471030000007886   16000000
5000   4.662302400000044   3.839282100001583   400000000
1   0.015920600002573337   0.015570100000331877   16
2   1.5499997971346602e-05   4.1300001612398773e-05   64
3   1.1899999663000926e-05   2.3699998564552516e-05   144
4   2.4000000848900527e-05   2.9599999834317714e-05   256
5   1.5800000255694613e-05   2.3699998564552516e-05   400
6   1.799999881768599e-05   2.2899999748915434e-05   576
7   1.9999999494757503e-05   2.179999864893034e-05   784
8   2.30999976338353e-05   2.380000296398066e-05   1024
9   2.6900001103058457e-05   3.6299999919719994e-05   1296
10   2.89999989036005e-05   2.510000194888562e-05   1600
14   6.719999873894267e-05   3.2500000088475645e-05   3136
16   5.919999966863543e-05   2.609999864944257e-05   4096
20   8.370000068680383e-05   3.510000169626437e-05   6400
23   0.00010619999738992192   3.900000228895806e-05   8464
27   0.00014460000238614157   4.489999992074445e-05   11664
36   0.00024080000002868474   7.03999976394698e-05   20736
50   0.0004502000010688789   0.00014910000027157366   40000
100   0.0022438000014517456   0.00021850000121048652   160000
130   0.005015499998989981   0.0004197999987809453   270400
150   0.007179100000939798   0.00047139999878709204   360000
210   0.0168253999981971   0.0014167000008455943   705600
270   0.030818100000033155   0.001851699998951517   1166400
350   0.03537749999668449   0.0032907000022532884   1960000
420   0.04407559999890509   0.005104899999423651   2822400
500   0.07288300000072923   0.008120699996652547   4000000
560   0.07782960000258754   0.012117800000851275   5017600
600   0.1072481000010157   0.012239399999089073   5760000
750   0.16746950000015204   0.021970199999486795   9000000
890   0.2240219999985129   0.03759619999982533   12673600
950   0.20143989999996847   0.045378799997706665   14440000
1000   0.24910889999955543   0.043619399999442976   16000000
5000   5.272828700002719   3.778000599999359   400000000
