1   7.90000194683671e-06   8.709999747225083e-05   8
2   6.499998562503606e-06   3.480000304989517e-05   32
3   6.300000677583739e-06   2.4400000256719068e-05   72
4   8.39999847812578e-06   2.3100001271814108e-05   128
5   8.499999239575118e-06   2.2000000171829015e-05   200
6   1.0600000678095967e-05   2.3100001271814108e-05   288
7   1.4300003385869786e-05   2.2199998056748882e-05   392
8   2.0800001948373392e-05   0.000550900000234833   512
9   2.3100001271814108e-05   4.119999721297063e-05   648
10   3.0899998819222674e-05   5.400000009103678e-05   800
14   4.510000144364312e-05   3.5899996873922646e-05   1568
16   5.62999994144775e-05   5.450000026030466e-05   2048
20   7.059999916236848e-05   6.379999831551686e-05   3200
23   8.97999998414889e-05   4.860000262851827e-05   4232
27   0.00011339999764459208   5.080000119050965e-05   5832
36   0.00031060000037541613   0.0005927000020164996   10368
50   0.0007388999983959366   0.0001669000012043398   20000
100   0.003393599999981234   0.0005229000016697682   80000
130   0.005561899997701403   0.0005534000010811724   135200
150   0.007809099999576574   0.000632499999483116   180000
210   0.01679590000276221   0.0008572999977332074   352800
270   0.022615799996856367   0.0011496000006445684   583200
350   0.039803700001357356   0.0022396999993361533   980000
420   0.06602010000278824   0.0027707999979611486   1411200
500   0.09193389999927604   0.004223100000672275   2000000
560   0.12139169999863952   0.006564200000866549   2508800
600   0.15112230000158888   0.006884499998704996   2880000
750   0.2240663999982644   0.010043900001619477   4500000
890   0.2753392000013264   0.016468300000269664   6336800
950   0.31067479999910574   0.021788300000480376   7220000
1000   0.47572020000006887   0.03362879999986035   8000000
5000   4.840125900002022   1.7001327999969362   200000000
1   0.008186600000044564   0.010464999999385327   8
2   1.599999814061448e-05   8.040000102482736e-05   32
3   1.1699998140102252e-05   4.3799998820759356e-05   72
4   1.3500000932253897e-05   4.3000000005122274e-05   128
5   1.599999814061448e-05   4.3000000005122274e-05   200
6   1.8599999748403206e-05   4.230000195093453e-05   288
7   3.7000001611886546e-05   4.220000118948519e-05   392
8   2.479999966453761e-05   4.3000000005122274e-05   512
9   2.8599999495781958e-05   4.27999984822236e-05   648
10   3.239999932702631e-05   6.070000017643906e-05   800
14   4.489999992074445e-05   5.400000009103678e-05   1568
16   0.00013609999950858764   6.469999789260328e-05   2048
20   9.230000068782829e-05   0.000170899998920504   3200
23   0.00011960000119870529   0.00016800000230432488   4232
27   0.00013249999756226316   0.0001526000014564488   5832
36   0.00026000000070780516   0.0002440999996906612   10368
50   0.0010384999986854382   0.00031149999995250255   20000
100   0.003426300001592608   0.0007845999971323181   80000
130   0.005902400000195485   0.0005959000009170268   135200
150   0.009016899999551242   0.0008903999987524003   180000
210   0.016860399999131914   0.0009481999986746814   352800
270   0.02766190000329516   0.001398299998982111   583200
350   0.04663309999887133   0.0016485999985889066   980000
420   0.06386360000033164   0.003224799998861272   1411200
500   0.09483499999987544   0.003896499998518266   2000000
560   0.11959660000138683   0.004368300000351155   2508800
600   0.14141080000263173   0.005877599996892968   2880000
750   0.22911480000038864   0.008621699998911936   4500000
890   0.2594963000010466   0.011508199997479096   6336800
950   0.26578049999807263   0.01393129999996745   7220000
1000   0.29099719999794615   0.014271700001700083   8000000
5000   4.646263500002533   1.681565099999716   200000000
1   0.011454700001195306   0.009678400001575937   8
2   2.3199998395284638e-05   0.0001216000018757768   32
3   1.2300002708798274e-05   5.160000000614673e-05   72
4   1.4199998986441642e-05   4.690000059781596e-05   128
5   1.7700000171316788e-05   4.439999975147657e-05   200
6   2.179999864893034e-05   4.3799998820759356e-05   288
7   2.6199999410891905e-05   4.350000017439015e-05   392
8   3.220000144210644e-05   4.229999831295572e-05   512
9   3.740000101970509e-05   4.320000152802095e-05   648
10   4.400000034365803e-05   4.3399999412940815e-05   800
14   7.93999970483128e-05   4.70000013592653e-05   1568
16   0.00010570000085863285   0.00038889999996172264   2048
20   8.269999671028927e-05   0.0002086000022245571   3200
23   0.0002032999982475303   0.00018560000171419233   4232
27   0.0002491999985068105   0.00018450000061420724   5832
36   0.00045060000047669746   0.0002783999989333097   10368
50   0.0010732999980973545   0.0004695999996329192   20000
100   0.0038997999981802423   0.0007153000005928334   80000
130   0.006819599999289494   0.0007488000010198448   135200
150   0.007590100001834799   0.0007651999985682778   180000
210   0.014767699998628814   0.0007557000026281457   352800
270   0.025798299997404683   0.0012908999997307546   583200
350   0.04437020000113989   0.0019482999996398576   980000
420   0.06173589999889373   0.0029527999977290165   1411200
500   0.09355109999887645   0.00394610000148532   2000000
560   0.1160327999969013   0.004327700000430923   2508800
600   0.13811019999775453   0.005435000002762536   2880000
750   0.20498260000022128   0.008168700001988327   4500000
890   0.2595403000013903   0.012048399999912363   6336800
950   0.2642745000011928   0.014141399999061832   7220000
1000   0.28623119999974733   0.013949399999546586   8000000
5000   4.602798600000824   1.6108203999974648   200000000
1   0.011314200000924757   0.011822899999970105   8
2   1.7000002117129043e-05   7.999999797903001e-05   32
3   1.2699998478638008e-05   4.9199999921256676e-05   72
4   1.4900000678608194e-05   4.6799999836366624e-05   128
5   1.7800000932766125e-05   5.459999738377519e-05   200
6   1.6999998479150236e-05   3.990000186604448e-05   288
7   1.880000127130188e-05   3.769999966607429e-05   392
8   2.170000152545981e-05   3.6299999919719994e-05   512
9   3.719999949680641e-05   3.3300002542091534e-05   648
10   2.4999997549457476e-05   3.060000017285347e-05   800
14   4.160000025876798e-05   3.020000076503493e-05   1568
16   0.000725499998225132   5.880000026081689e-05   2048
20   9.309999950346537e-05   7.01000026310794e-05   3200
23   0.00011869999798364006   6.22000006842427e-05   4232
27   0.00019889999748556875   7.26000034774188e-05   5832
36   0.00027290000070934184   0.00015160000111791305   10368
50   0.0009361000011267606   0.00016659999891999178   20000
100   0.0032987000013235956   0.00035509999725036323   80000
130   0.005566299998463364   0.00043880000157514587   135200
150   0.007226099998661084   0.0006769999999960419   180000
210   0.014917300002707634   0.001081099999282742   352800
270   0.026951199997711228   0.0013295000026118942   583200
350   0.04768320000221138   0.002049099999567261   980000
420   0.06824390000110725   0.0033462999999755993   1411200
500   0.10015500000008615   0.004211799998302013   2000000
560   0.11596739999731653   0.004453800000192132   2508800
600   0.13701249999940046   0.005584900001849746   2880000
750   0.21376929999678396   0.007902200002718018   4500000
890   0.24811140000019805   0.014925200001016492   6336800
950   0.2779952000018966   0.016939699999056756   7220000
1000   0.2966892000004009   0.013371799999731593   8000000
5000   4.76482759999999   1.640130700001464   200000000
1   0.012939700001879828   0.008846199998515658   8
2   2.2700001863995567e-05   0.00011140000060549937   32
3   1.170000177808106e-05   4.519999856711365e-05   72
4   1.3799999578623101e-05   4.260000059730373e-05   128
5   1.5800000255694613e-05   0.00017640000078245066   200
6   1.7300000763498247e-05   4.41999982285779e-05   288
7   1.5000001440057531e-05   3.279999873484485e-05   392
8   1.6699999832781032e-05   2.8599999495781958e-05   512
9   1.9500002963468432e-05   2.719999974942766e-05   648
10   2.2300002456177026e-05   2.5699999241624027e-05   800
14   3.780000042752363e-05   2.6300000172341242e-05   1568
16   5.9300000430084765e-05   6.070000017643906e-05   2048
20   8.449999950244091e-05   6.410000059986487e-05   3200
23   0.00011019999874406494   5.8400000852998346e-05   4232
27   0.00019050000264542177   6.659999780822545e-05   5832
36   0.00024960000155260786   0.00013649999891640618   10368
50   0.0007499999992433004   0.0001568000006955117   20000
100   0.003270899997005472   0.0003233999996155035   80000
130   0.006089400001656031   0.0006003999988024589   135200
150   0.008775700000114739   0.000724199999240227   180000
210   0.01588929999707034   0.001091500002075918   352800
270   0.02527399999962654   0.0011795999998867046   583200
350   0.0458662999990338   0.0017145000019809231   980000
420   0.06804620000184514   0.0038380999976652674   1411200
500   0.08919419999801903   0.006347499998810235   2000000
560   0.1203797999987728   0.004743999998026993   2508800
600   0.1408651000019745   0.005795099998067599   2880000
750   0.21013099999981932   0.008725299998332048   4500000
890   0.25422510000134935   0.011968899998464622   6336800
950   0.2798447999994096   0.013212099998781923   7220000
1000   0.2840673999999126   0.015987000002496643   8000000
5000   5.382867100001022   1.6591719999996712   200000000
1   0.011305600000923732   0.011321899997710716   8
2   2.3299999156733975e-05   0.00045980000140843913   32
3   1.6100002540042624e-05   6.529999882332049e-05   72
4   1.4900000678608194e-05   4.8899997636908665e-05   128
5   1.750000228639692e-05   4.450000051292591e-05   200
6   2.2099997295299545e-05   4.430000262800604e-05   288
7   2.7599999157246202e-05   4.640000042854808e-05   392
8   3.300000025774352e-05   4.4600001274375245e-05   512
9   3.8899997889529914e-05   4.439999975147657e-05   648
10   4.5900000259280205e-05   4.73000000056345e-05   800
14   7.899999764049426e-05   4.770000305143185e-05   1568
16   0.0002598999999463558   8.000000161700882e-05   2048
20   0.00014139999984763563   0.0007863000028009992   3200
23   0.00018740000086836517   0.00017459999799029902   4232
27   0.00024979999943752773   0.0002046999979938846   5832
36   0.00046610000208602287   0.0002679999997781124   10368
50   0.001086699998268159   0.0012233000015839934   20000
100   0.0046289000019896775   0.0009210999996867031   80000
130   0.005543399998714449   0.0004608000017469749   135200
150   0.007282300000952091   0.000483600000734441   180000
210   0.014789600001677172   0.0007956999979796819   352800
270   0.024326800001290394   0.0013050999987171963   583200
350   0.043242300002020784   0.0017585999994480517   980000
420   0.06758030000128201   0.0032099000018206425   1411200
500   0.09770859999844106   0.004674600000726059   2000000
560   0.11449070000162465   0.005013499998312909   2508800
600   0.13953290000063134   0.00627130000066245   2880000
750   0.20436630000040168   0.010392000000138069   4500000
890   0.2534661999998207   0.010789200001454446   6336800
950   0.26783290000093984   0.013784899998427136   7220000
1000   0.2850495000020601   0.016264599998976337   8000000
5000   4.616891099998611   1.6208282000006875   200000000
1   0.009473199999774806   0.01064599999881466   8
2   1.5400000847876072e-05   8.049999814829789e-05   32
3   7.400001777568832e-06   3.300000025774352e-05   72
4   8.300001354655251e-06   2.8700000257231295e-05   128
5   1.0100000508828089e-05   2.7399997634347528e-05   200
6   1.179999890155159e-05   2.600000152597204e-05   288
7   1.4500001270789653e-05   2.6199999410891905e-05   392
8   1.7099999240599573e-05   2.5699999241624027e-05   512
9   2.0399998902576044e-05   2.6100002287421376e-05   648
10   2.350000067963265e-05   4.030000127386302e-05   800
14   7.76999986555893e-05   5.329999839887023e-05   1568
16   0.0002482999989297241   0.0002004000016313512   2048
20   0.00014910000027157366   0.0001697999978205189   3200
23   0.00018459999773767777   0.00016710000272723846   4232
27   0.0002513999970688019   0.00017120000120485201   5832
36   0.0005377999987103976   0.00032469999860040843   10368
50   0.001051200000802055   0.0005208999973547179   20000
100   0.0039533999988634605   0.0010457999997015577   80000
130   0.0060411999984353315   0.0007220000006782357   135200
150   0.007365000001300359   0.0005096999993838836   180000
210   0.015020999999251217   0.0007958000023791101   352800
270   0.0243399999999383   0.0011627999992924742   583200
350   0.04398190000210889   0.002239400000689784   980000
420   0.06770220000180416   0.002786000000924105   1411200
500   0.09848570000031032   0.004455499998584855   2000000
560   0.1162330999977712   0.005524600001081126   2508800
600   0.1374457000019902   0.005307299998094095   2880000
750   0.20804969999880996   0.007645000001502922   4500000
890   0.2656620000016119   0.012663999998039799   6336800
950   0.2819426999994903   0.015252699999109609   7220000
1000   0.2903234999976121   0.012817599999834783   8000000
5000   4.749915199998213   1.6131798999995226   200000000
1   0.012672200002270984   0.008057699997152667   8
2   2.359999780310318e-05   0.0002289000003656838   32
3   1.5300000086426735e-05   6.669999856967479e-05   72
4   1.5100002201506868e-05   5.0099999498343095e-05   128
5   1.8300001102034003e-05   4.569999873638153e-05   200
6   2.1500000002561137e-05   4.389999958220869e-05   288
7   2.609999864944257e-05   4.400000034365803e-05   392
8   4.5000000682193786e-05   4.27999984822236e-05   512
9   3.819999983534217e-05   4.1799998143687844e-05   648
10   3.2899999496294186e-05   0.00019500000053085387   800
14   4.959999932907522e-05   0.0006603000001632608   1568
16   6.639999992330559e-05   6.120000034570694e-05   2048
20   9.469999713473953e-05   6.690000009257346e-05   3200
23   0.00011670000094454736   6.10999995842576e-05   4232
27   0.0001520000005257316   6.749999738531187e-05   5832
36   0.00035740000021178275   0.00015759999951114878   10368
50   0.001210399997944478   0.00017740000112098642   20000
100   0.0031501999983447604   0.00047899999844958074   80000
130   0.006352500000502914   0.000532900001417147   135200
150   0.007408299999951851   0.0004726000006485265   180000
210   0.014911600002960768   0.0010050999990198761   352800
270   0.025993499999458436   0.001255499999388121   583200
350   0.04467970000041532   0.001991099998122081   980000
420   0.06449300000167568   0.0030907000000297558   1411200
500   0.10311449999790057   0.004101599999557948   2000000
560   0.11612360000071931   0.004559599998174235   2508800
600   0.1332886000018334   0.0051778999986709096   2880000
750   0.20234100000016042   0.00898379999853205   4500000
890   0.2504664000007324   0.011705199998687021   6336800
950   0.263838200000464   0.015136600002733758   7220000
1000   0.28482589999839547   0.014084999998885905   8000000
5000   4.7059231999992335   1.6402003000002878   200000000
1   0.00808340000003227   0.009408999998413492   8
2   1.9600000086938962e-05   0.00010509999992791563   32
3   1.2399999832268804e-05   4.669999907491729e-05   72
4   1.4399996871361509e-05   4.540000009001233e-05   128
5   1.6500001947861165e-05   4.5000000682193786e-05   200
6   1.5600002370774746e-05   5.249999958323315e-05   288
7   1.6100002540042624e-05   3.309999738121405e-05   392
8   1.840000186348334e-05   3.0499999411404133e-05   512
9   2.1600000764010474e-05   2.9599999834317714e-05   648
10   2.519999907235615e-05   2.8599999495781958e-05   800
14   4.260000059730373e-05   3.029999788850546e-05   1568
16   0.0005868000007467344   0.000198199999431381   2048
20   0.00010259999908157624   8.010000237845816e-05   3200
23   0.0001238999975612387   6.740000026184134e-05   4232
27   0.00016379999942728318   7.220000043162145e-05   5832
36   0.00027659999977913685   0.00016930000128922984   10368
50   0.0011717000015778467   0.00018600000112201087   20000
100   0.004265100000338862   0.0004257000000507105   80000
130   0.007010400000581285   0.0006113999988883734   135200
150   0.008669700000609737   0.0005760999993071891   180000
210   0.015017099998658523   0.0009103000011236873   352800
270   0.02548969999770634   0.0012817000024369918   583200
350   0.04420590000154334   0.0017087999985960778   980000
420   0.06819659999746364   0.0033230000008188654   1411200
500   0.09524400000009337   0.004639399998268345   2000000
560   0.11715230000118027   0.004545299998426344   2508800
600   0.14012740000180202   0.0057214000007661525   2880000
750   0.20450200000050245   0.007491399999707937   4500000
890   0.2617406999997911   0.011966599999141181   6336800
950   0.2861479999992298   0.014047900000150548   7220000
1000   0.28285870000036084   0.012851299998146715   8000000
5000   4.678157399997872   1.6760634000020218   200000000
1   0.012282100000447826   0.011462599999504164   8
2   1.6599999071331695e-05   8.399999933317304e-05   32
3   2.3199998395284638e-05   5.109999983687885e-05   72
4   1.3299999409355223e-05   4.360000093583949e-05   128
5   2.609999864944257e-05   7.449999975506216e-05   200
6   2.7800000680144876e-05   6.180000127642415e-05   288
7   2.220000169472769e-05   5.059999966761097e-05   392
8   2.7000001864507794e-05   4.70000013592653e-05   512
9   2.970000059576705e-05   4.4299998990027234e-05   648
10   3.35000004270114e-05   4.5000000682193786e-05   800
14   8.689999958733097e-05   8.280000110971741e-05   1568
16   0.00011349999840604141   0.00010120000297320075   2048
20   0.00017250000018975697   0.00011359999916749075   3200
23   0.00020120000044698827   9.590000263415277e-05   4232
27   0.00029709999944316223   0.00011939999967580661   5832
36   0.00027349999800208025   0.00021560000095632859   10368
50   0.0011878000004799105   0.00021349999951780774   20000
100   0.003800700000283541   0.0004241999995429069   80000
130   0.005784000000858214   0.00046379999912460335   135200
150   0.0075046999991172925   0.0005041000003984664   180000
210   0.014772800001082942   0.0007638999995833728   352800
270   0.025962499999877764   0.002653800002008211   583200
350   0.04281540000010864   0.0018197999997937586   980000
420   0.06980309999926249   0.003593200002796948   1411200
500   0.09365539999998873   0.004589299998770002   2000000
560   0.12161130000095   0.005536699998629047   2508800
600   0.13648140000077547   0.005591699999058619   2880000
750   0.2044934999976249   0.00858169999992242   4500000
890   0.26069099999949685   0.012106599999242462   6336800
950   0.2652711000009731   0.015396800001326483   7220000
1000   0.2947308000002522   0.01579889999993611   8000000
5000   4.7964997999988555   1.7902528999984497   200000000
