1   6.099999154685065e-06   7.959999857121147e-05   8
2   6.300000677583739e-06   2.5699999241624027e-05   32
3   5.800000508315861e-06   1.3699998817173764e-05   72
4   6.400001439033076e-06   1.2699998478638008e-05   128
5   7.99999907030724e-06   1.5300000086426735e-05   200
6   9.800001862458885e-06   1.3699998817173764e-05   288
7   1.170000177808106e-05   1.3299999409355223e-05   392
8   1.4299999747890979e-05   1.6400001186411828e-05   512
9   1.6999998479150236e-05   6.0200000007171184e-05   648
10   2.0299998141126707e-05   2.040000254055485e-05   800
14   3.4100001357728615e-05   3.1299998227041215e-05   1568
16   0.0008135999996738974   3.3399999665562063e-05   2048
20   7.639999967068434e-05   4.640000042854808e-05   3200
23   0.00010130000009667128   4.199999966658652e-05   4232
27   0.00012770000103046186   5.669999882229604e-05   5832
36   0.00021779999951831996   0.00010070000280393288   10368
50   0.00033970000004046597   8.05000017862767e-05   20000
100   0.001390900000842521   0.00019919999976991676   80000
130   0.0025200999989465345   0.0005349000020942185   135200
150   0.0032903999999689404   0.0004947000015818048   180000
210   0.008561599999666214   0.001377900000079535   352800
270   0.01955150000139838   0.0021644999978889246   583200
350   0.03921410000111791   0.0038978000011411496   980000
420   0.04149360000155866   0.005824500000016997   1411200
500   0.07552410000062082   0.008187999999790918   2000000
560   0.10140509999837377   0.01330200000302284   2508800
600   0.10458640000069863   0.01665560000037658   2880000
750   0.17861569999877247   0.018355800002609612   4500000
890   0.18398449999949662   0.04074100000070757   6336800
950   0.22568310000133351   0.04103509999913513   7220000
1000   0.2526422000009916   0.04839519999950426   8000000
5000   4.800297800000408   4.127736800001003   200000000
1   0.007846400003472809   0.01004800000009709   8
2   1.680000059423037e-05   5.059999966761097e-05   32
3   7.800001185387373e-06   2.3199998395284638e-05   72
4   9.100000170292333e-06   2.1500000002561137e-05   128
5   9.800001862458885e-06   2.1500000002561137e-05   200
6   1.1599997378652915e-05   1.9800001609837636e-05   288
7   1.4599998394260183e-05   1.9500002963468432e-05   392
8   1.790000169421546e-05   2.13999992411118e-05   512
9   2.429999949526973e-05   4.510000144364312e-05   648
10   2.380000296398066e-05   2.4099997972371057e-05   800
14   4.140000237384811e-05   3.469999865046702e-05   1568
16   0.000180200000613695   4.180000178166665e-05   2048
20   9.259999933419749e-05   5.4700001783203334e-05   3200
23   0.0001900000024761539   0.0009737999971548561   4232
27   0.0001494999996793922   6.320000102277845e-05   5832
36   0.00025549999918439426   8.490000254823826e-05   10368
50   0.0004595000027620699   9.649999992689118e-05   20000
100   0.0016639000023133121   0.0002085999985865783   80000
130   0.002958000000944594   0.0003614000015659258   135200
150   0.003886500002408866   0.0004737999988719821   180000
210   0.007724900002358481   0.001904699998704018   352800
270   0.02269969999906607   0.0023922000000311527   583200
350   0.032182800001464784   0.004477099999348866   980000
420   0.041287299998657545   0.007363000000623288   1411200
500   0.04866729999775998   0.010253500000544591   2000000
560   0.09737950000271667   0.014065699997445336   2508800
600   0.08930259999760892   0.012215200000355253   2880000
750   0.1672324999999546   0.028683700002147816   4500000
890   0.2244687000020349   0.029727099998126505   6336800
950   0.2296901000008802   0.03791549999732524   7220000
1000   0.2386399999995774   0.05314350000116974   8000000
5000   4.744944699999905   4.073219100002461   200000000
1   0.01008650000221678   0.008399999998800922   8
2   1.6400001186411828e-05   4.709999848273583e-05   32
3   1.1399999493733048e-05   2.5600002118153498e-05   72
4   1.309999788645655e-05   2.550000135670416e-05   128
5   1.5100002201506868e-05   2.649999805726111e-05   200
6   1.7700000171316788e-05   2.510000194888562e-05   288
7   2.0700001186924055e-05   2.5400000595254824e-05   392
8   2.010000025620684e-05   2.769999991869554e-05   512
9   2.2300002456177026e-05   4.699999772128649e-05   648
10   2.4599998141638935e-05   2.42000023717992e-05   800
14   4.099999932805076e-05   3.600000127335079e-05   1568
16   0.00047109999650274403   4.050000279676169e-05   2048
20   0.00019010000323760323   5.859999873791821e-05   3200
23   0.0001229999979841523   0.00014260000170907006   4232
27   0.00016060000052675605   0.00014029999874765053   5832
36   0.0002657000004546717   0.0001159999992523808   10368
50   0.0004913999982818495   0.00040070000250125304   20000
100   0.0032320999998773914   0.0003859999997075647   80000
130   0.004296399998565903   0.000543999998626532   135200
150   0.007387999998172745   0.0006204000019351952   180000
210   0.011481699999421835   0.0012821000018448103   352800
270   0.0137328000018897   0.0019007999981113244   583200
350   0.022207000001799315   0.003931999999622349   980000
420   0.04585880000013276   0.0055930999988049734   1411200
500   0.0642312000018137   0.01010619999942719   2000000
560   0.08204259999911301   0.01282310000169673   2508800
600   0.1007342000011704   0.018140399999538204   2880000
750   0.15132079999966663   0.027828199999930803   4500000
890   0.2043243000007351   0.0394309000002977   6336800
950   0.21580460000041057   0.037513299997954164   7220000
1000   0.2341441999997187   0.04634340000120574   8000000
5000   4.870160099999339   4.065103100001579   200000000
1   0.011436000000685453   0.011377199996786658   8
2   2.359999780310318e-05   7.019999975454994e-05   32
3   1.1800002539530396e-05   3.189999915775843e-05   72
4   1.3699998817173764e-05   0.00017630000002100132   128
5   1.550000160932541e-05   2.7000001864507794e-05   200
6   1.559999873279594e-05   2.2100000933278352e-05   288
7   1.8300001102034003e-05   2.0399998902576044e-05   392
8   2.130000211764127e-05   2.269999822601676e-05   512
9   2.469999890308827e-05   3.35000004270114e-05   648
10   3.930000093532726e-05   2.2500000341096893e-05   800
14   4.149999949731864e-05   3.239999932702631e-05   1568
16   5.4299998737405986e-05   2.6900001103058457e-05   2048
20   7.719999848632142e-05   3.7500001781154424e-05   3200
23   0.0001171000003523659   5.1700000767596066e-05   4232
27   0.0001565000020491425   5.2699997468153015e-05   5832
36   0.0002490999977453612   8.130000060191378e-05   10368
50   0.0006137999989732634   0.00011620000077527948   20000
100   0.0017632999988563824   0.0002533000006224029   80000
130   0.0027669999981299043   0.0003221000006305985   135200
150   0.003506500001094537   0.00041450000207987614   180000
210   0.0078927999966254   0.0014334000006783754   352800
270   0.012603899998794077   0.002263800000946503   583200
350   0.04810930000166991   0.004079700000147568   980000
420   0.040184299999964423   0.005227300000115065   1411200
500   0.08022299999720417   0.014239200001611607   2000000
560   0.10406109999894397   0.01545089999854099   2508800
600   0.10723929999949178   0.01650040000095032   2880000
750   0.14854839999679825   0.02620310000202153   4500000
890   0.19096040000295034   0.04186869999830378   6336800
950   0.2426660000019183   0.038190600000234554   7220000
1000   0.2699579000000085   0.06021089999921969   8000000
5000   4.771569600001385   4.185796699999628   200000000
1   0.011422899999161018   0.011101500000222586   8
2   2.2599997464567423e-05   6.420000136131421e-05   32
3   1.8399998225504532e-05   3.819999983534217e-05   72
4   2.2399999579647556e-05   3.94000016967766e-05   128
5   2.930000118794851e-05   3.9999998989515007e-05   200
6   3.590000051190145e-05   4.180000178166665e-05   288
7   4.270000135875307e-05   3.9200000173877925e-05   392
8   5.149999924469739e-05   4.070000068168156e-05   512
9   6.189999839989468e-05   5.32000012753997e-05   648
10   2.8200000087963417e-05   3.140000262646936e-05   800
14   4.319999789004214e-05   3.859999924316071e-05   1568
16   0.00044039999920642003   3.949999882024713e-05   2048
20   8.38999985717237e-05   5.149999924469739e-05   3200
23   0.0002249000026495196   5.880000026081689e-05   4232
27   0.00024149999808287248   0.00012870000136899762   5832
36   0.00027830000180983916   9.219999992637895e-05   10368
50   0.0005730999982915819   0.00013390000094659626   20000
100   0.0016997000020637643   0.000363799998012837   80000
130   0.0037545000013778917   0.0005122999973536935   135200
150   0.004937099998642225   0.0006349000032059848   180000
210   0.007724499999312684   0.0016481000020576175   352800
270   0.018418100000417326   0.0020966999982192647   583200
350   0.030830399999103975   0.0030544000001100358   980000
420   0.042363799999293406   0.0054013000008126255   1411200
500   0.06896190000043134   0.008314400001836475   2000000
560   0.0793100000009872   0.016251000000920612   2508800
600   0.09890579999773763   0.0169144999999844   2880000
750   0.16043650000210619   0.0283008999977028   4500000
890   0.22238540000034845   0.038110299999971176   6336800
950   0.22419059999810997   0.046229900002799695   7220000
1000   0.252164300000004   0.052097499999945285   8000000
5000   4.598949100000027   4.027460599998449   200000000
1   0.00828430000183289   0.009510699997917982   8
2   1.809999957913533e-05   5.280000186758116e-05   32
3   1.1400003131711856e-05   2.5699999241624027e-05   72
4   1.8300001102034003e-05   2.429999949526973e-05   128
5   1.4500001270789653e-05   2.429999949526973e-05   200
6   1.680000059423037e-05   2.3799999326001853e-05   288
7   1.9600000086938962e-05   2.3399999918183312e-05   392
8   2.2300002456177026e-05   2.8799997380701825e-05   512
9   2.1200001356191933e-05   3.769999966607429e-05   648
10   2.2799998987466097e-05   2.260000110254623e-05   800
14   3.769999966607429e-05   3.18000020342879e-05   1568
16   0.00018199999976786785   3.710000237333588e-05   2048
20   0.00019810000230791047   6.170000051497482e-05   3200
23   9.630000204197131e-05   0.0003481999992800411   4232
27   0.000145500001963228   5.819999933009967e-05   5832
36   0.00024340000163647346   7.94000006862916e-05   10368
50   0.00045569999929284677   9.219999992637895e-05   20000
100   0.00141789999906905   0.00021429999833344482   80000
130   0.0027869000005011912   0.00034439999944879673   135200
150   0.004902399999991758   0.00042210000174236484   180000
210   0.006915099998877849   0.0013887999994040001   352800
270   0.012901199999760138   0.0018947999997180887   583200
350   0.03476560000126483   0.0036106999978073873   980000
420   0.049131100000522565   0.006096900000557071   1411200
500   0.06762829999934183   0.009567600001901155   2000000
560   0.07409949999782839   0.0110134000024118   2508800
600   0.08980800000063027   0.01242160000037984   2880000
750   0.14492049999898882   0.028778300002159085   4500000
890   0.23028689999773633   0.03905959999974584   6336800
950   0.2238857000011194   0.05657950000022538   7220000
1000   0.26645949999874574   0.052881400002661394   8000000
5000   4.660250699998869   4.058078000001842   200000000
1   0.007215399997221539   0.007669400001759641   8
2   1.6499998309882358e-05   4.8400001105619594e-05   32
3   7.200000254670158e-06   1.840000186348334e-05   72
4   7.499998901039362e-06   1.460000203223899e-05   128
5   9.20000093174167e-06   1.550000160932541e-05   200
6   1.1500000255182385e-05   1.5300000086426735e-05   288
7   1.3900000340072438e-05   1.550000160932541e-05   392
8   1.6199999663513154e-05   1.6100002540042624e-05   512
9   1.889999839477241e-05   2.9900002118665725e-05   648
10   2.2700001863995567e-05   2.019999737967737e-05   800
14   3.870000000461005e-05   3.3399999665562063e-05   1568
16   4.909999915980734e-05   2.2899999748915434e-05   2048
20   0.0002634999982547015   4.780000017490238e-05   3200
23   0.00011929999891435727   4.39000032201875e-05   4232
27   0.00012620000052265823   0.00013659999967785552   5832
36   0.00025939999977708794   0.001227400000061607   10368
50   0.0003832000002148561   0.0001506000007793773   20000
100   0.0024334999980055727   0.0005032000008213799   80000
130   0.005295999999361811   0.0004928000016661827   135200
150   0.0072142999997595325   0.0006888999996590428   180000
210   0.01627559999906225   0.0018587999984447379   352800
270   0.026208000002952758   0.002336899997317232   583200
350   0.03672310000183643   0.004768099999637343   980000
420   0.05596800000057556   0.004635400000552181   1411200
500   0.04801130000123521   0.009117199999309378   2000000
560   0.07620369999858667   0.012867000001278939   2508800
600   0.09340159999919706   0.018544000002293615   2880000
750   0.16358369999943534   0.028401499999745283   4500000
890   0.20950799999991432   0.03464900000108173   6336800
950   0.22556579999945825   0.048746600001322804   7220000
1000   0.24183170000105747   0.0476715000004333   8000000
5000   4.647310000000289   3.756423900002119   200000000
1   0.00817300000198884   0.007454799997503869   8
2   1.6400001186411828e-05   4.959999932907522e-05   32
3   6.599999323952943e-06   1.9099999917671084e-05   72
4   7.300001016119495e-06   1.7099999240599573e-05   128
5   8.700000762473792e-06   1.68999977177009e-05   200
6   1.089999932446517e-05   1.3299999409355223e-05   288
7   1.3100001524435356e-05   1.4299999747890979e-05   392
8   1.6199999663513154e-05   1.7799997294787318e-05   512
9   1.8399998225504532e-05   2.8800001018680632e-05   648
10   2.1800002286909148e-05   1.8799997633323073e-05   800
14   3.7099998735357076e-05   2.8700000257231295e-05   1568
16   4.789999729837291e-05   2.1899999410379678e-05   2048
20   6.859999848529696e-05   3.270000161137432e-05   3200
23   0.00020679999943240546   0.000933300001634052   4232
27   0.00014400000145542435   6.22000006842427e-05   5832
36   0.00026479999723960645   8.200000229408033e-05   10368
50   0.0004002999994554557   9.159999899566174e-05   20000
100   0.0017232999998668674   0.00022190000163391232   80000
130   0.0028096999994886573   0.0003466000016487669   135200
150   0.004252299997460796   0.0004727000014099758   180000
210   0.01006049999705283   0.0012792000015906524   352800
270   0.01661439999952563   0.0017681999997876119   583200
350   0.03658680000080494   0.004407000000355765   980000
420   0.03311089999988326   0.006054900000890484   1411200
500   0.07126870000138297   0.008304099999804748   2000000
560   0.07835460000205785   0.01162789999943925   2508800
600   0.09061130000191042   0.015229500000714324   2880000
750   0.17216589999952703   0.03300590000071679   4500000
890   0.19417000000248663   0.032410299998446135   6336800
950   0.22848750000048312   0.04328449999957229   7220000
1000   0.2339804000002914   0.047969700000976445   8000000
5000   4.86355939999703   4.046029700002691   200000000
1   0.0075066000026708934   0.008449699998891447   8
2   1.80000024556648e-05   5.249999958323315e-05   32
3   7.499998901039362e-06   2.000000313273631e-05   72
4   8.200000593205914e-06   1.840000186348334e-05   128
5   9.999999747378752e-06   1.8500002624932677e-05   200
6   1.219999830937013e-05   1.720000000204891e-05   288
7   1.469999915570952e-05   1.720000000204891e-05   392
8   1.7400001524947584e-05   2.0299998141126707e-05   512
9   2.1200001356191933e-05   3.5799999750452116e-05   648
10   2.479999966453761e-05   2.0600000425474718e-05   800
14   4.190000254311599e-05   3.1699997634859756e-05   1568
16   6.370000119204633e-05   4.540000009001233e-05   2048
20   0.00013330000001587905   5.2200000936863944e-05   3200
23   0.00012620000052265823   0.0002151000007870607   4232
27   0.00016230000255745836   0.0010940999964077491   5832
36   0.00027290000070934184   9.010000212583691e-05   10368
50   0.0006242000017664395   0.00023579999833600596   20000
100   0.003772799998841947   0.0003907999998773448   80000
130   0.00279910000244854   0.0003378000001248438   135200
150   0.006410400001186645   0.00045619999946211465   180000
210   0.011811599997599842   0.0011231000025873072   352800
270   0.016443699998490047   0.001710800002911128   583200
350   0.025773800000024494   0.0036957999982405454   980000
420   0.042762999997648876   0.006884200000058627   1411200
500   0.07612199999857694   0.00967550000132178   2000000
560   0.08313300000008894   0.013869400001567556   2508800
600   0.11724410000169883   0.01707420000093407   2880000
750   0.14510900000095717   0.023320899999816902   4500000
890   0.20526520000203163   0.04076359999817214   6336800
950   0.2621906999993371   0.04997609999918495   7220000
1000   0.2247852000000421   0.04967179999948712   8000000
5000   4.682145200000377   3.915848000000551   200000000
1   0.009349100000690669   0.0076473000008263625   8
2   1.750000228639692e-05   6.170000051497482e-05   32
3   8.39999847812578e-06   2.3600001441081986e-05   72
4   8.700000762473792e-06   2.0399998902576044e-05   128
5   1.080000220099464e-05   2.1600000764010474e-05   200
6   1.790000169421546e-05   2.4599998141638935e-05   288
7   1.4999997802078724e-05   1.8999999156221747e-05   392
8   1.720000000204891e-05   2.0899999071843922e-05   512
9   1.9899998733308166e-05   3.2100000680657104e-05   648
10   2.3200002033263445e-05   2.0600000425474718e-05   800
14   3.9599999581696466e-05   3.0899998819222674e-05   1568
16   0.0001579000017954968   3.749999814317562e-05   2048
20   8.81000014487654e-05   4.059999992023222e-05   3200
23   0.00011479999739094637   0.0009200000022246968   4232
27   0.00027289999707136303   8.39000022097025e-05   5832
36   0.00040019999869400635   0.00011029999950551428   10368
50   0.0007888999971328303   0.0001627000019652769   20000
100   0.002697199997783173   0.0002778999987640418   80000
130   0.0027346000024408568   0.0003392999969946686   135200
150   0.0038198999973246828   0.0004107000022486318   180000
210   0.008128699999360833   0.0013096000002406072   352800
270   0.013022399998590117   0.0015371000008599367   583200
350   0.033264000001508975   0.005419400000391761   980000
420   0.06883180000295397   0.009035600000061095   1411200
500   0.09106489999976475   0.010833600001205923   2000000
560   0.08999690000200644   0.012100500000087777   2508800
600   0.08955820000119274   0.014722700001584599   2880000
750   0.15009099999952014   0.024841100002959138   4500000
890   0.2189564000000246   0.04009399999995367   6336800
950   0.21787189999668044   0.05408910000187461   7220000
1000   0.24249080000299728   0.049039399997127475   8000000
5000   4.89712640000289   3.8807139999989886   200000000
