1   0.00019379999866941944   0.00014030000238562934   16
2   9.700001101009548e-06   4.6299999667098746e-05   64
3   9.800001862458885e-06   2.3799999326001853e-05   144
4   1.1100000847363845e-05   2.0700001186924055e-05   256
5   1.2599997717188671e-05   2.0300001779105514e-05   400
6   1.5399997209897265e-05   1.930000144056976e-05   576
7   2.6199999410891905e-05   3.769999966607429e-05   784
8   2.5700002879602835e-05   4.059999992023222e-05   1024
9   4.1799998143687844e-05   2.7599999157246202e-05   1296
10   2.9499999072868377e-05   2.2000000171829015e-05   1600
14   0.0005010999993828591   4.0400002035312355e-05   3136
16   6.740000026184134e-05   5.909999890718609e-05   4096
20   0.0004717999981949106   5.6300003052456304e-05   6400
23   0.00012739999874611385   5.0499998906161636e-05   8464
27   0.000170899998920504   7.470000127796084e-05   11664
36   0.00028390000079525635   0.00019429999883868732   20736
50   0.0010223999997833744   0.000243800001044292   40000
100   0.00363659999857191   0.0005421000023488887   160000
130   0.005363500000385102   0.0007750000004307367   270400
150   0.011371999997209059   0.0008991000031528529   360000
210   0.018425399997795466   0.0018134000019927043   705600
270   0.031070100001670653   0.0020738999992317986   1166400
350   0.053953099999489496   0.005172899996978231   1960000
420   0.07809009999982663   0.009022599999298109   2822400
500   0.11849649999930989   0.008520600000338163   4000000
560   0.13555470000210335   0.011548700000275858   5017600
600   0.15835859999788227   0.010926599999947939   5760000
750   0.26741989999936777   0.15700480000305106   9000000
890   0.28869119999944814   0.03700500000195461   12673600
950   0.2988805000022694   0.03554649999932735   14440000
1000   0.3410946000003605   0.06036360000143759   16000000
5000   5.7083717999994406   3.8719763000008243   400000000
1   0.02319549999810988   0.02176030000191531   16
2   2.7800000680144876e-05   9.919999865815043e-05   64
3   2.649999805726111e-05   5.8099998568650335e-05   144
4   3.269999797339551e-05   6.790000043110922e-05   256
5   4.050000279676169e-05   5.329999839887023e-05   400
6   4.830000034417026e-05   4.950000220560469e-05   576
7   5.839999721501954e-05   6.800000119255856e-05   784
8   7.18000010238029e-05   5.450000026030466e-05   1024
9   8.420000085607171e-05   5.310000051395036e-05   1296
10   7.409999670926481e-05   5.91000025451649e-05   1600
14   0.00011730000187526457   5.959999907645397e-05   3136
16   0.0001415999977325555   8.200000229408033e-05   4096
20   0.00020729999960167333   9.270000009564683e-05   6400
23   0.00036499999987427145   0.0001283999990846496   8464
27   0.0003364000003784895   0.0001187999987450894   11664
36   0.0005530999987968244   0.0002443000012135599   20736
50   0.0011990999992121942   0.00027720000070985407   40000
100   0.004239199999574339   0.00045849999878555536   160000
130   0.008483799996611197   0.0007099000031303149   270400
150   0.009451699999772245   0.0010441000013088342   360000
210   0.01936829999976908   0.001281199998629745   705600
270   0.028364199999487028   0.0021797000008518808   1166400
350   0.05041049999999814   0.0038467999984277412   1960000
420   0.08033459999933257   0.004892200002359459   2822400
500   0.10842499999853317   0.007760700002108933   4000000
560   0.1364752999979828   0.008995100000902312   5017600
600   0.15360730000247713   0.009998800000175834   5760000
750   0.21774400000140304   0.019471399999019923   9000000
890   0.25929510000059963   0.028628699998080265   12673600
950   0.27289290000044275   0.05791559999852325   14440000
1000   0.30414720000044326   0.03956570000082138   16000000
5000   4.947917900000903   3.5846423000002687   400000000
1   0.018031700001301942   0.020700500001112232   16
2   2.1900003048358485e-05   8.129999696393497e-05   64
3   1.759999940986745e-05   4.5900000259280205e-05   144
4   2.0200001017656177e-05   4.1299997974419966e-05   256
5   2.300000051036477e-05   4.059999992023222e-05   400
6   2.7099998987978324e-05   4.11000000895001e-05   576
7   3.1200001103570685e-05   4.0800001443130895e-05   784
8   3.569999898900278e-05   6.24999993306119e-05   1024
9   4.0400002035312355e-05   4.099999932805076e-05   1296
10   0.00010269999984302558   0.0003173000004608184   1600
14   0.00013310000213095918   7.439999899361283e-05   3136
16   0.0002243999988422729   0.00013760000001639128   4096
20   0.0002590000003692694   0.00013799999942420982   6400
23   0.0003797000026679598   0.0002552999976614956   8464
27   0.0005134999992151279   0.00014730000111740083   11664
36   0.0006004000024404377   0.00023549999968963675   20736
50   0.0011772000034397934   0.0002023999986704439   40000
100   0.004561199999443488   0.0004774999979417771   160000
130   0.006996300002356293   0.0005898999988858122   270400
150   0.007934699999168515   0.0006759000025340356   360000
210   0.015506100000493461   0.0010579000008874573   705600
270   0.027092699998320313   0.0017365000021527521   1166400
350   0.04526840000107768   0.003309600000648061   1960000
420   0.07747689999814611   0.004336599999078317   2822400
500   0.10922969999955967   0.007204600002296502   4000000
560   0.13372500000332366   0.008477299998048693   5017600
600   0.15152930000112974   0.01009919999705744   5760000
750   0.22008110000024317   0.015386700000817655   9000000
890   0.26348049999796785   0.02402300000176183   12673600
950   0.30078599999978906   0.03773250000085682   14440000
1000   0.29902660000152537   0.03976250000050641   16000000
5000   5.0220919999992475   3.6344558999990113   400000000
1   0.01821130000098492   0.01649130000078003   16
2   1.930000144056976e-05   7.099999857018702e-05   64
3   1.469999915570952e-05   3.529999958118424e-05   144
4   1.729999712551944e-05   3.4100001357728615e-05   256
5   2.0299998141126707e-05   3.3399999665562063e-05   400
6   2.4400000256719068e-05   3.3399999665562063e-05   576
7   2.7800000680144876e-05   3.49000001733657e-05   784
8   3.2199997804127634e-05   3.430000288062729e-05   1024
9   3.65999985660892e-05   3.400000059627928e-05   1296
10   4.030000127386302e-05   3.3399999665562063e-05   1600
14   6.470000153058209e-05   3.559999822755344e-05   3136
16   7.960000220919028e-05   4.9700000090524554e-05   4096
20   0.00011019999874406494   5.2200000936863944e-05   6400
23   0.00013720000060857274   5.339999916031957e-05   8464
27   0.00018169999748351984   7.94000006862916e-05   11664
36   0.0003055000015592668   0.0001534000002720859   20736
50   0.000985999999102205   0.0002096999996865634   40000
100   0.003928399997676024   0.00035960000241175294   160000
130   0.0061023999987810384   0.0005746000024373643   270400
150   0.010298199998942437   0.0008468000014545396   360000
210   0.01923700000043027   0.001433299999916926   705600
270   0.02855249999993248   0.001797099997929763   1166400
350   0.05017719999887049   0.00274600000193459   1960000
420   0.07020619999821065   0.00437180000153603   2822400
500   0.09743510000043898   0.008311699999467237   4000000
560   0.12675239999953192   0.009898700001940597   5017600
600   0.14817739999853075   0.010580699999991339   5760000
750   0.2257093000007444   0.019059300000662915   9000000
890   0.2608494000014616   0.02658789999986766   12673600
950   0.30541269999957876   0.03915459999916493   14440000
1000   0.3132444000002579   0.03092069999911473   16000000
5000   5.090361100003065   3.5290128999986337   400000000
1   0.026289099998393795   0.02330150000125286   16
2   2.2500000341096893e-05   0.00010210000255028717   64
3   3.300000025774352e-05   9.510000018053688e-05   144
4   4.090000220458023e-05   9.32000002649147e-05   256
5   4.529999932856299e-05   8.5299998318078e-05   400
6   3.2500000088475645e-05   0.00012880000213044696   576
7   6.890000076964498e-05   0.00010960000145132653   784
8   5.500000042957254e-05   6.070000017643906e-05   1024
9   6.310000026132911e-05   5.249999958323315e-05   1296
10   7.089999780873768e-05   5.239999882178381e-05   1600
14   0.0001143000008596573   5.6000000768108293e-05   3136
16   0.00014770000052521937   7.900000127847306e-05   4096
20   0.00019160000010742806   8.170000000973232e-05   6400
23   0.00025570000070729293   7.929999992484227e-05   8464
27   0.0003040000010514632   9.900000077323057e-05   11664
36   0.0004819000023417175   0.00018360000103712082   20736
50   0.0010614000020723324   0.00021569999807979912   40000
100   0.003960199999710312   0.00043619999996735714   160000
130   0.007057300001179101   0.0007422999988193624   270400
150   0.007956299999932526   0.0006142999991425313   360000
210   0.016178599998966092   0.0011835000004793983   705600
270   0.03125279999949271   0.004306000002543442   1166400
350   0.04727480000292417   0.004707699998107273   1960000
420   0.07347429999936139   0.004440799999429146   2822400
500   0.09867790000134846   0.006983899998886045   4000000
560   0.12509890000001178   0.009110899998631794   5017600
600   0.15763610000067274   0.009664799999882234   5760000
750   0.20873679999931483   0.01588419999825419   9000000
890   0.2535548000014387   0.02803959999801009   12673600
950   0.29735680000158027   0.03341299999738112   14440000
1000   0.2900693000010506   0.03422520000094664   16000000
5000   4.848564299998543   3.5619745000003604   400000000
1   0.02268030000050203   0.01887659999920288   16
2   1.8999999156221747e-05   7.040000127744861e-05   64
3   1.4700002793688327e-05   3.4599997889017686e-05   144
4   1.6600002709310502e-05   3.399999695830047e-05   256
5   1.9800001609837636e-05   3.3299998904112726e-05   400
6   2.350000067963265e-05   3.300000025774352e-05   576
7   2.649999805726111e-05   3.2400002965005115e-05   784
8   5.5400003475369886e-05   6.309999662335031e-05   1024
9   5.869999949936755e-05   4.8499998229090124e-05   1296
10   6.759999814676121e-05   4.7500001528533176e-05   1600
14   0.0001143000008596573   5.370000144466758e-05   3136
16   0.00014489999739453197   6.7299999500392e-05   4096
20   0.00017389999993611127   7.130000085453503e-05   6400
23   0.00023669999791309237   7.650000043213367e-05   8464
27   0.0002930000009655487   9.199999840348028e-05   11664
36   0.00048410000090370886   0.00014630000077886507   20736
50   0.0009217000006174203   0.00021389999892562628   40000
100   0.003532200000336161   0.0003499999984342139   160000
130   0.005767499998910353   0.000607599999057129   270400
150   0.008738799999264302   0.000698800002282951   360000
210   0.016100299999379786   0.0012318000008235686   705600
270   0.025202600001648534   0.00167439999859198   1166400
350   0.05014129999835859   0.0032131000007211696   1960000
420   0.06821009999839589   0.004263599999831058   2822400
500   0.099830800001655   0.006105299999035196   4000000
560   0.1260060999993584   0.009127100001933286   5017600
600   0.14167749999978696   0.01413200000024517   5760000
750   0.21668730000237701   0.028412799998477567   9000000
890   0.2694130999989284   0.030394400000659516   12673600
950   0.2684950000002573   0.039838000000600005   14440000
1000   0.3201009000003978   0.0352883000014117   16000000
5000   4.827082399999199   3.5234008000006725   400000000
1   0.01853349999873899   0.01563670000177808   16
2   1.8599999748403206e-05   6.89999978931155e-05   64
3   1.3900000340072438e-05   3.670000296551734e-05   144
4   1.2699998478638008e-05   2.8200000087963417e-05   256
5   1.5800000255694613e-05   2.7300000510876998e-05   400
6   1.8999999156221747e-05   2.680000034160912e-05   576
7   2.2800002625444904e-05   2.7099998987978324e-05   784
8   2.6900001103058457e-05   2.5699999241624027e-05   1024
9   3.389999983482994e-05   2.7099998987978324e-05   1296
10   7.919999916339293e-05   4.510000144364312e-05   1600
14   0.00015550000171060674   4.029999763588421e-05   3136
16   7.519999780924991e-05   4.520000220509246e-05   4096
20   0.0003010000000358559   0.00020460000087041408   6400
23   0.00023290000171982683   0.0008438000004389323   8464
27   0.00029290000020409934   0.00022779999926569872   11664
36   0.00047029999768710695   0.00030140000308165327   20736
50   0.0008955000012065284   0.0001866000020527281   40000
100   0.003298800002085045   0.0003639999995357357   160000
130   0.005974300001980737   0.0005450999997265171   270400
150   0.008637000002636341   0.00094600000011269   360000
210   0.01861060000010184   0.0011990000020887237   705600
270   0.027816099998744903   0.0016605999990133569   1166400
350   0.04680700000244542   0.002829699998983415   1960000
420   0.06916089999867836   0.00492600000143284   2822400
500   0.0975427999983367   0.006411200000002282   4000000
560   0.12903759999971953   0.011118099999293918   5017600
600   0.1428252000005159   0.010774300000775838   5760000
750   0.21460410000145203   0.017378299999109004   9000000
890   0.2652579000023252   0.02704519999679178   12673600
950   0.28382349999810685   0.03695490000245627   14440000
1000   0.3095954999989772   0.036443799999688054   16000000
5000   4.778539699997054   3.5606181000002834   400000000
1   0.017447800000809366   0.014827399998466717   16
2   3.310000101919286e-05   9.130000034929253e-05   64
3   1.7899998056236655e-05   5.120000059832819e-05   144
4   1.9400002202019095e-05   3.8399997720262036e-05   256
5   3.810000271187164e-05   6.189999839989468e-05   400
6   2.9099999665049836e-05   4.069999704370275e-05   576
7   4.1700001020217314e-05   3.690000085043721e-05   784
8   3.300000025774352e-05   3.590000051190145e-05   1024
9   3.6600002204068005e-05   3.5400000342633575e-05   1296
10   4.199999966658652e-05   3.5700002626981586e-05   1600
14   6.890000076964498e-05   3.8399997720262036e-05   3136
16   8.1900001532631e-05   5.079999755253084e-05   4096
20   0.00010169999950448982   0.00013169999874662608   6400
23   0.00014379999993252568   0.00016999999934341758   8464
27   0.0002452000007906463   6.919999941601418e-05   11664
36   0.0002936000018962659   0.00013899999976274557   20736
50   0.0009288000001106411   0.0001747999995131977   40000
100   0.00345989999914309   0.0003434999998717103   160000
130   0.0061267999990377575   0.0005486000009113923   270400
150   0.010170499997911975   0.00072340000042459   360000
210   0.019400799999857554   0.0013961000004201196   705600
270   0.027445600000646664   0.001659300000028452   1166400
350   0.04507770000054734   0.0026904000005743   1960000
420   0.07050709999748506   0.004092800001672003   2822400
500   0.1175801000026695   0.006470699998317286   4000000
560   0.1285753999982262   0.009554700001899619   5017600
600   0.14570199999798206   0.009945300000254065   5760000
750   0.21353129999988596   0.01901459999862709   9000000
890   0.2537321999989217   0.024380099999689264   12673600
950   0.2813622000030591   0.02836609999940265   14440000
1000   0.28793860000223503   0.03103479999845149   16000000
5000   4.846266299999115   3.6105357999986154   400000000
1   0.020854700000199955   0.022121999998489628   16
2   2.7599999157246202e-05   0.00010459999975864775   64
3   2.30999976338353e-05   5.6000000768108293e-05   144
4   2.680000034160912e-05   5.2600000344682485e-05   256
5   3.369999831193127e-05   5.109999983687885e-05   400
6   3.769999966607429e-05   4.9199999921256676e-05   576
7   4.7500001528533176e-05   4.9199999921256676e-05   784
8   5.6000000768108293e-05   5.020000025979243e-05   1024
9   6.040000153006986e-05   5.1700000767596066e-05   1296
10   7.360000017797574e-05   5.0099999498343095e-05   1600
14   0.00019260000044596381   8.829999933368526e-05   3136
16   0.00014390000069397502   8.600000001024455e-05   4096
20   0.00020729999960167333   8.879999950295314e-05   6400
23   0.0003136000013910234   9.76999981503468e-05   8464
27   0.00018950000230688602   7.360000017797574e-05   11664
36   0.0007526000008510891   0.0002179000002797693   20736
50   0.0012270000006537884   0.0003180999992764555   40000
100   0.0038401999991037883   0.000411000000895001   160000
130   0.0066544000001158565   0.0006624999987252522   270400
150   0.008840300000883872   0.0006408000008377712   360000
210   0.017396900002495386   0.0011307999993732665   705600
270   0.02962149999802932   0.0018387000018265098   1166400
350   0.05118369999763672   0.002945000000181608   1960000
420   0.07289890000174637   0.006052199998521246   2822400
500   0.1088939000001119   0.007581999998365063   4000000
560   0.1338017000016407   0.009758299998793518   5017600
600   0.15844850000212318   0.01004109999848879   5760000
750   0.2146589000003587   0.014826200000243261   9000000
890   0.26830899999913527   0.022889900003065122   12673600
950   0.27953350000098   0.03072460000112187   14440000
1000   0.3036514999985229   0.03681309999956284   16000000
5000   5.009019200002513   3.5054627999998047   400000000
1   0.020274300000892254   0.02124510000066948   16
2   2.5499997718725353e-05   9.600000339560211e-05   64
3   2.1400002879090607e-05   5.339999916031957e-05   144
4   2.5299999833805487e-05   4.650000118999742e-05   256
5   3.060000017285347e-05   4.5900000259280205e-05   400
6   3.4500000765547156e-05   4.569999873638153e-05   576
7   4.070000068168156e-05   4.570000237436034e-05   784
8   4.999999873689376e-05   4.660000195144676e-05   1024
9   5.48999996681232e-05   4.549999721348286e-05   1296
10   6.98000003467314e-05   4.619999890564941e-05   1600
14   0.00011920000179088674   4.939999780617654e-05   3136
16   0.00012570000035339035   6.809999831602909e-05   4096
20   0.00017969999680644833   7.440000263159163e-05   6400
23   0.0002243999988422729   7.46000005165115e-05   8464
27   0.00032160000046133064   9.439999848837033e-05   11664
36   0.00048550000065006316   0.00021740000011050142   20736
50   0.0009535999997751787   0.00019299999985378236   40000
100   0.003944799998862436   0.00043430000005173497   160000
130   0.006451599998399615   0.0005858000004081987   270400
150   0.008983299998362781   0.0008495000001857989   360000
210   0.016192200000659795   0.0012544999990495853   705600
270   0.02693150000050082   0.001823599999625003   1166400
350   0.04681960000016261   0.0029947000002721325   1960000
420   0.070439000002807   0.0042771999978867825   2822400
500   0.09891549999883864   0.0062294000017573126   4000000
560   0.13035219999801484   0.00913090000176453   5017600
600   0.14546429999973043   0.010402200001408346   5760000
750   0.21715319999930216   0.018964799997775117   9000000
890   0.25509280000187573   0.023074000000633532   12673600
950   0.3054155999998329   0.03343740000127582   14440000
1000   0.313699500002258   0.03973839999889606   16000000
5000   4.766719300001569   3.547265500001231   400000000
