1   5.800000508315861e-06   5.850000161444768e-05   16
2   6.199999916134402e-06   3.060000017285347e-05   64
3   5.799996870337054e-06   2.1600000764010474e-05   144
4   6.899997970322147e-06   2.0600000425474718e-05   256
5   8.200000593205914e-06   2.0300001779105514e-05   400
6   1.0399999155197293e-05   1.920000067912042e-05   576
7   1.2600001355167478e-05   1.9899998733308166e-05   784
8   1.5100002201506868e-05   1.929999780259095e-05   1024
9   1.8200000340584666e-05   1.9600000086938962e-05   1296
10   2.049999966402538e-05   1.9600000086938962e-05   1600
14   3.780000042752363e-05   2.1199997718213126e-05   3136
16   5.6700002460274845e-05   4.2199997551506385e-05   4096
20   8.259999958681874e-05   0.0007089999999152496   6400
23   9.760000102687627e-05   4.769999941345304e-05   8464
27   0.00012740000238409266   6.880000000819564e-05   11664
36   0.00021600000036414713   0.00015139999959501438   20736
50   0.000672499998472631   0.00017460000162827782   40000
100   0.002769099999568425   0.0003194999990228098   160000
130   0.004895000001852168   0.000594599998294143   270400
150   0.00788529999772436   0.0007039000010991003   360000
210   0.017100200002460042   0.001485999997385079   705600
270   0.024952400002803188   0.002224199997726828   1166400
350   0.04078450000088196   0.0028161000009276904   1960000
420   0.058746299997437745   0.004136999999900581   2822400
500   0.09993000000031316   0.006202500000654254   4000000
560   0.11589570000069216   0.007946000001538778   5017600
600   0.1569621000016923   0.009457000000111293   5760000
750   0.20536920000085956   0.01480710000032559   9000000
890   0.24836969999887515   0.024366199999349192   12673600
950   0.262542399999802   0.029392399999778718   14440000
1000   0.28687499999796273   0.03473099999973783   16000000
5000   4.486233800002083   3.314428900001076   400000000
1   0.016523999998753425   0.01985659999991185   16
2   2.2500000341096893e-05   0.0001021999996737577   64
3   1.1400003131711856e-05   4.189999890513718e-05   144
4   1.340000017080456e-05   3.640000068116933e-05   256
5   1.4599998394260183e-05   4.350000017439015e-05   400
6   2.6900001103058457e-05   2.7999998565064743e-05   576
7   1.4900000678608194e-05   2.4900000425986946e-05   784
8   1.670000347075984e-05   2.30999976338353e-05   1024
9   1.9600000086938962e-05   2.1899999410379678e-05   1296
10   3.559999822755344e-05   4.150000313529745e-05   1600
14   8.189999789465219e-05   5.6300003052456304e-05   3136
16   0.00010139999722014181   7.060000280034728e-05   4096
20   0.00014309999824035913   7.560000085504726e-05   6400
23   0.00018769999951473437   7.709999772487208e-05   8464
27   0.00025969999842345715   9.409999984200113e-05   11664
36   0.0005995999999868218   0.0001785000022209715   20736
50   0.0008702000013727229   0.00021080000078654848   40000
100   0.004034499997942476   0.0003933000007236842   160000
130   0.006199499999638647   0.0006776999980502296   270400
150   0.0086568000006082   0.0006130000001576263   360000
210   0.016686099999787984   0.001152400000137277   705600
270   0.02427440000246861   0.0016341999980795663   1166400
350   0.04138520000196877   0.0032688999999663793   1960000
420   0.06740190000346047   0.004300199998397147   2822400
500   0.12426640000194311   0.006628899998759152   4000000
560   0.11812330000248039   0.00946259999909671   5017600
600   0.13814600000114297   0.009591699999873526   5760000
750   0.2090375000007043   0.02019069999732892   9000000
890   0.2475521000014851   0.024693999999726657   12673600
950   0.2673402000000351   0.025592599999072263   14440000
1000   0.29038130000117235   0.028897600001073442   16000000
5000   4.639485799998511   3.3475189000018872   400000000
1   0.02083420000053593   0.014834900001005735   16
2   1.750000228639692e-05   7.03999976394698e-05   64
3   1.089999932446517e-05   3.6200002796249464e-05   144
4   1.2500000593718141e-05   3.3399999665562063e-05   256
5   2.8300000849412754e-05   5.4600001021753997e-05   400
6   1.7400001524947584e-05   3.649999780463986e-05   576
7   2.000000313273631e-05   3.5499997466104105e-05   784
8   2.300000051036477e-05   3.550000110408291e-05   1024
9   2.609999864944257e-05   3.51999988197349e-05   1296
10   3.0100000003585592e-05   3.49000001733657e-05   1600
14   5.06999967910815e-05   3.730000025825575e-05   3136
16   6.500000017695129e-05   5.020000025979243e-05   4096
20   9.660000068834051e-05   5.529999907594174e-05   6400
23   0.00011850000009872019   5.5500000598840415e-05   8464
27   0.00015609999900334515   6.679999933112413e-05   11664
36   0.0002542000001994893   0.0001322999996773433   20736
50   0.0007946999976411462   0.0001751000017975457   40000
100   0.003360000002430752   0.0003895999980159104   160000
130   0.00685209999937797   0.0006558000022778288   270400
150   0.008604000002378598   0.0006422000005841255   360000
210   0.016708199997083284   0.0016267000028165057   705600
270   0.025446299998293398   0.0018108000003849156   1166400
350   0.04415379999772995   0.0025845000018307474   1960000
420   0.06440660000225762   0.00486579999778769   2822400
500   0.09054830000241054   0.006782000000384869   4000000
560   0.118177199998172   0.008316100000229198   5017600
600   0.13984390000041458   0.010121799998159986   5760000
750   0.20704979999936768   0.025414700001419988   9000000
890   0.24979220000022906   0.021565300001384458   12673600
950   0.26760490000015125   0.030895800002326723   14440000
1000   0.2839920999977039   0.03264020000278833   16000000
5000   4.525600500001019   3.429237299998931   400000000
1   0.021129900000232738   0.01660740000079386   16
2   2.3399999918183312e-05   9.900000077323057e-05   64
3   1.5600002370774746e-05   4.999999873689376e-05   144
4   1.8500002624932677e-05   4.819999958272092e-05   256
5   2.269999822601676e-05   4.850000186706893e-05   400
6   2.6999998226528987e-05   4.769999941345304e-05   576
7   3.18000020342879e-05   5.0099999498343095e-05   784
8   3.780000042752363e-05   4.8899997636908665e-05   1024
9   4.380000245873816e-05   4.73000000056345e-05   1296
10   4.769999941345304e-05   4.7500001528533176e-05   1600
14   8.05000017862767e-05   5.070000042906031e-05   3136
16   0.00010230000043520704   6.939999730093405e-05   4096
20   0.00014549999832524918   7.510000068577938e-05   6400
23   0.0002023999986704439   5.500000042957254e-05   8464
27   0.00015319999874918722   9.620000128052197e-05   11664
36   0.0002525999989302363   0.00014569999984814785   20736
50   0.0008458000011160038   0.00021500000002561137   40000
100   0.0031409999974130187   0.00034470000173314475   160000
130   0.005808399997476954   0.0005840000012540258   270400
150   0.007811100000253646   0.0006084000015107449   360000
210   0.015447300000232644   0.0010857999986910727   705600
270   0.024368200000026263   0.0016544999998586718   1166400
350   0.046417499997915   0.002669200002856087   1960000
420   0.06181560000186437   0.004128399999899557   2822400
500   0.10203180000098655   0.007168000000092434   4000000
560   0.12381380000078934   0.00860130000000936   5017600
600   0.13992850000067847   0.00966070000140462   5760000
750   0.21446479999940493   0.01508040000044275   9000000
890   0.24873940000179573   0.02296599999681348   12673600
950   0.274717000000237   0.02624370000194176   14440000
1000   0.28089420000105747   0.03364279999732389   16000000
5000   4.5478462999999465   3.325101500002347   400000000
1   0.01901969999744324   0.0219442000015988   16
2   2.4800003302516416e-05   0.00010579999798210338   64
3   1.4000001101521775e-05   5.289999899105169e-05   144
4   1.5300000086426735e-05   4.270000135875307e-05   256
5   1.8699996871873736e-05   3.94000016967766e-05   400
6   2.2500000341096893e-05   3.870000000461005e-05   576
7   2.7900001441594213e-05   7.329999789362773e-05   784
8   4.0199996874434873e-05   6.960000246181153e-05   1024
9   2.7700003556674346e-05   5.7699999160831794e-05   1296
10   6.159999975352548e-05   4.9700000090524554e-05   1600
14   5.059999966761097e-05   0.00032020000071497634   3136
16   6.829999983892776e-05   5.5900000006658956e-05   4096
20   9.619999764254317e-05   5.950000195298344e-05   6400
23   0.00013240000043879263   5.759999839938246e-05   8464
27   0.0001564999984111637   6.769999890821055e-05   11664
36   0.00026450000223121606   0.00015269999857991934   20736
50   0.0008601000008638948   0.00018170000112149864   40000
100   0.0033150999988720287   0.00033510000139358453   160000
130   0.00538810000216472   0.0005213999975239858   270400
150   0.007394100000965409   0.0005719000000681262   360000
210   0.014924800001608673   0.000996599999780301   705600
270   0.024527700003091013   0.0015734999979031272   1166400
350   0.04797909999979311   0.00276540000049863   1960000
420   0.06586170000082348   0.004902500000753207   2822400
500   0.10337720000097761   0.006540999998833286   4000000
560   0.12048700000013923   0.00911439999981667   5017600
600   0.13644340000246302   0.010787999999593012   5760000
750   0.22255330000189133   0.01545070000065607   9000000
890   0.27724639999723877   0.0228056000014476   12673600
950   0.26586309999765945   0.028822000000218395   14440000
1000   0.2897268000015174   0.031185699997877236   16000000
5000   4.764193899998645   3.412776400000439   400000000
1   0.018780800000968156   0.01721269999688957   16
2   1.679999695625156e-05   7.490000280085951e-05   64
3   7.899998308857903e-06   3.0300001526484266e-05   144
4   9.2999980552122e-06   2.8100002964492887e-05   256
5   1.1399999493733048e-05   4.0000002627493814e-05   400
6   1.2500000593718141e-05   2.4400000256719068e-05   576
7   1.4299999747890979e-05   2.3299999156733975e-05   784
8   1.6699999832781032e-05   2.2399999579647556e-05   1024
9   1.9499999325489625e-05   2.179999864893034e-05   1296
10   2.2999996872385964e-05   2.2000000171829015e-05   1600
14   4.11000000895001e-05   2.3700002202531323e-05   3136
16   5.2600000344682485e-05   3.890000152750872e-05   4096
20   0.00022639999951934442   0.00015890000213403255   6400
23   0.0001187999987450894   0.0001453000004403293   8464
27   0.0001506000007793773   0.0001474999990023207   11664
36   0.0002686000007088296   0.0003704999980982393   20736
50   0.0010087000009662006   0.0004172000008111354   40000
100   0.003971599999204045   0.0007372000000032131   160000
130   0.006953100000828272   0.0008593999991717283   270400
150   0.009222500000760192   0.0012123999986215495   360000
210   0.016644999999698484   0.0014123000000836328   705600
270   0.023598600000696024   0.0016113000019686297   1166400
350   0.04340260000026319   0.00269520000074408   1960000
420   0.07429070000216598   0.004177200000412995   2822400
500   0.09510430000227643   0.0073737999991863035   4000000
560   0.1205924000023515   0.009787299997697119   5017600
600   0.13696310000159428   0.011173999999300577   5760000
750   0.20942009999998845   0.016766299999289913   9000000
890   0.24622930000259657   0.023932899999635993   12673600
950   0.2648540000009234   0.03171619999920949   14440000
1000   0.2806780999999319   0.029286600001796614   16000000
5000   4.560178600000654   3.36664159999782   400000000
1   0.018387299998721574   0.022858699998323573   16
2   1.880000127130188e-05   8.189999789465219e-05   64
3   2.8300000849412754e-05   4.830000034417026e-05   144
4   1.559999873279594e-05   3.850000211969018e-05   256
5   1.3799999578623101e-05   3.199999991920777e-05   400
6   1.6099998902063817e-05   3.4199998481199145e-05   576
7   1.880000127130188e-05   3.149999974993989e-05   784
8   2.1500000002561137e-05   3.1600000511389226e-05   1024
9   2.5000001187436283e-05   3.189999915775843e-05   1296
10   2.8399997972883284e-05   3.170000127283856e-05   1600
14   4.770000305143185e-05   3.389999983482994e-05   3136
16   5.919999966863543e-05   4.740000076708384e-05   4096
20   8.449999950244091e-05   5.0900001951958984e-05   6400
23   0.00010880000263568945   0.00011359999916749075   8464
27   0.00014039999950909987   6.0999998822808266e-05   11664
36   0.00024090000079013407   0.00013749999925494194   20736
50   0.0007618000017828308   0.00016989999858196825   40000
100   0.003068600002734456   0.0003326999976707157   160000
130   0.005421199999545934   0.0008320000015373807   270400
150   0.007634199999301927   0.000587500002438901   360000
210   0.016650099998514634   0.001956600000994513   705600
270   0.02863670000078855   0.001934100000653416   1166400
350   0.05288220000147703   0.0030184999995981343   1960000
420   0.07473530000061146   0.004031500000564847   2822400
500   0.09724869999990915   0.006601299999601906   4000000
560   0.12015080000128364   0.00851169999805279   5017600
600   0.14030219999767723   0.010467700001754565   5760000
750   0.2082157000004372   0.014534199999616249   9000000
890   0.24868739999874379   0.02625379999881261   12673600
950   0.2656612999999197   0.028960600000573322   14440000
1000   0.2905544999994163   0.0389407000002393   16000000
5000   4.830626400002075   3.63521259999834   400000000
1   0.01728480000019772   0.013668700001289835   16
2   1.5400000847876072e-05   0.00019690000044647604   64
3   9.199997293762863e-06   3.7500001781154424e-05   144
4   8.099999831756577e-06   2.4599998141638935e-05   256
5   9.499999578110874e-06   2.2899999748915434e-05   400
6   1.1000000085914508e-05   2.0899999071843922e-05   576
7   1.3200002285884693e-05   2.0600000425474718e-05   784
8   1.5699999494245276e-05   2.1100000594742596e-05   1024
9   2.0600000425474718e-05   2.1100000594742596e-05   1296
10   2.1500000002561137e-05   2.040000254055485e-05   1600
14   3.8800000766059384e-05   2.2399999579647556e-05   3136
16   4.619999890564941e-05   3.609999839682132e-05   4096
20   6.790000043110922e-05   0.0007717999978922307   6400
23   0.00010889999975915998   0.00017550000120536424   8464
27   0.00022739999985788018   0.00014519999967887998   11664
36   0.00023379999765893444   0.0002176000016334001   20736
50   0.000855099999171216   0.0003341999981785193   40000
100   0.0031844000004639383   0.000672499998472631   160000
130   0.00555769999846234   0.0006258000030356925   270400
150   0.008447600001090905   0.0006214999993972015   360000
210   0.016502499998750864   0.001167800000985153   705600
270   0.030801400000200374   0.00181460000021616   1166400
350   0.04192170000169426   0.002745800000411691   1960000
420   0.06750629999805824   0.0048560000032011885   2822400
500   0.09085590000177035   0.007525199998781318   4000000
560   0.11966359999860288   0.008235100001911633   5017600
600   0.13867449999816017   0.011449699999502627   5760000
750   0.21996770000259858   0.013915899999119574   9000000
890   0.26040280000233906   0.02730399999927613   12673600
950   0.2648497000009229   0.03162929999962216   14440000
1000   0.27837360000194167   0.03181079999922076   16000000
5000   4.7202728999982355   3.389923300001101   400000000
1   0.024166999999579275   0.024210900002799463   16
2   2.6900001103058457e-05   0.00012409999908413738   64
3   2.010000025620684e-05   8.570000136387534e-05   144
4   2.1900003048358485e-05   5.959999907645397e-05   256
5   2.5400000595254824e-05   5.999999848427251e-05   400
6   3.189999915775843e-05   5.830000009154901e-05   576
7   4.229999831295572e-05   5.94000011915341e-05   784
8   5.8000001445179805e-05   7.90999984019436e-05   1024
9   6.98000003467314e-05   7.049999840091914e-05   1296
10   7.859999823267572e-05   6.489999941550195e-05   1600
14   0.00013240000043879263   7.030000051599927e-05   3136
16   0.00016600000162725337   8.600000001024455e-05   4096
20   9.91000015346799e-05   6.379999831551686e-05   6400
23   0.00012849999984609894   7.14999987394549e-05   8464
27   0.00016999999934341758   0.0001579000017954968   11664
36   0.0005261000005702954   0.00020089999816264026   20736
50   0.0008945999979914632   0.00018840000120690092   40000
100   0.0033856000009109266   0.000360099998943042   160000
130   0.0063004000003275   0.0005714999970223289   270400
150   0.007537499997852137   0.0006080999992263969   360000
210   0.014961000000766944   0.0010751999980129767   705600
270   0.030523099998390535   0.0018258000018249732   1166400
350   0.04636929999833228   0.0026904000005743   1960000
420   0.06841250000070431   0.005947300000116229   2822400
500   0.08977799999775016   0.006778900002245791   4000000
560   0.12188379999861354   0.008729799999855459   5017600
600   0.13795519999985117   0.009699900001578499   5760000
750   0.20973810000214144   0.017034899999998743   9000000
890   0.24854129999948782   0.023145300001488067   12673600
950   0.26561819999915315   0.027015299998311093   14440000
1000   0.2937296999989485   0.02954180000233464   16000000
5000   4.596526899997116   3.4278199000000313   400000000
1   0.019032499996683327   0.018019300001469674   16
2   1.6500001947861165e-05   7.289999848580919e-05   64
3   2.609999864944257e-05   4.0099999750964344e-05   144
4   1.4299999747890979e-05   3.9200000173877925e-05   256
5   1.6699999832781032e-05   3.949999882024713e-05   400
6   2.1100000594742596e-05   3.97000003431458e-05   576
7   2.1699997887481004e-05   4.0800001443130895e-05   784
8   2.390000008745119e-05   3.780000042752363e-05   1024
9   2.719999974942766e-05   3.5799999750452116e-05   1296
10   2.7599999157246202e-05   3.4100001357728615e-05   1600
14   5.119999696034938e-05   3.590000051190145e-05   3136
16   6.270000085351057e-05   4.9700000090524554e-05   4096
20   9.180000051856041e-05   5.2999999752501026e-05   6400
23   0.00011409999933675863   5.330000203684904e-05   8464
27   0.0001534000002720859   6.429999848478474e-05   11664
36   0.00026190000062342733   0.0001478000012866687   20736
50   0.0008207999999285676   0.00019070000053034164   40000
100   0.003369800000655232   0.0003829000015684869   160000
130   0.005485800000315066   0.000531300000147894   270400
150   0.007616200000484241   0.0006366999987221789   360000
210   0.01993930000026012   0.0012291999992157798   705600
270   0.02770779999991646   0.0016219000026467256   1166400
350   0.04322310000134166   0.002809900001011556   1960000
420   0.06654069999785861   0.005230500002653571   2822400
500   0.10049140000046464   0.0065133999996760394   4000000
560   0.12533350000012433   0.008933000000979519   5017600
600   0.13873160000002827   0.01089729999875999   5760000
750   0.21127969999724883   0.013536200000089593   9000000
890   0.25732179999977234   0.024060399999143556   12673600
950   0.2639639000008174   0.028913899997860426   14440000
1000   0.28493689999959315   0.030692399999679765   16000000
5000   4.601400099996681   3.429801700000098   400000000
