1   6.199999916134402e-06   6.629999916185625e-05   6
2   8.900002285372466e-06   4.029999763588421e-05   24
3   6.999998731771484e-06   3.020000076503493e-05   54
4   1.8399998225504532e-05   4.9600002967054024e-05   96
5   1.340000017080456e-05   3.810000271187164e-05   150
6   1.5699999494245276e-05   3.80000019504223e-05   216
7   1.809999957913533e-05   3.850000211969018e-05   294
8   2.0799998310394585e-05   3.870000000461005e-05   384
9   2.399999721092172e-05   3.900000228895806e-05   486
10   2.6199999410891905e-05   3.569999898900278e-05   600
14   3.730000025825575e-05   3.82999969588127e-05   1176
16   4.280000212020241e-05   4.830000034417026e-05   1536
20   6.240000220714137e-05   0.00024759999723755755   2400
23   9.73999995039776e-05   5.529999907594174e-05   3174
27   0.00012960000094608404   6.049999865354039e-05   4374
36   0.00021700000070268288   0.0001843999998527579   7776
50   0.00068950000058976   0.00017330000264337286   15000
100   0.002899700000853045   0.0004622999986167997   60000
130   0.005547100001422223   0.0007096999979694374   101400
150   0.007206999998743413   0.000745099998312071   135000
210   0.01730219999808469   0.0012344000024313573   264600
270   0.023341899999650195   0.0017105999977502506   437400
350   0.040512800002034055   0.0030754999970667996   735000
420   0.06581619999997201   0.003549699998984579   1058400
500   0.09322750000137603   0.004804899999726331   1500000
560   0.11023200000272482   0.005720599998312537   1881600
600   0.1394670000008773   0.008515500001522014   2160000
750   0.21180420000018785   0.010179999997490086   3375000
890   0.2529878999994253   0.012529300001915544   4752600
950   0.27728270000079647   0.017043799998646136   5415000
1000   0.2860462999997253   0.033300400002190145   6000000
2500   1.2623806000010518   0.21048650000011548   37500000
5000   4.553469899998163   1.6748881000021356   150000000
1   0.004095000000233995   0.00802779999867198   6
2   1.5600002370774746e-05   7.709999772487208e-05   24
3   1.1200001608813182e-05   4.1299997974419966e-05   54
4   1.2800002878066152e-05   3.9999998989515007e-05   96
5   1.4999997802078724e-05   3.949999882024713e-05   150
6   1.4199998986441642e-05   3.6299999919719994e-05   216
7   1.5199999324977398e-05   3.0800001695752144e-05   294
8   1.809999957913533e-05   2.9800001357216388e-05   384
9   2.099999983329326e-05   2.800000220304355e-05   486
10   2.4400000256719068e-05   2.7099998987978324e-05   600
14   4.1300001612398773e-05   2.89999989036005e-05   1176
16   5.140000212122686e-05   5.779999992228113e-05   1536
20   7.32000007701572e-05   0.00016419999883510172   2400
23   0.00011509999967529438   0.00014860000010230578   3174
27   0.00014820000069448724   0.00015070000154082663   4374
36   0.0002569999996921979   0.00022199999875738285   7776
50   0.0009807999995246064   0.0004098999997950159   15000
100   0.0033738999991328456   0.0006456999981310219   60000
130   0.005533100000320701   0.0008018000007723458   101400
150   0.007368299997324357   0.000710700001945952   135000
210   0.014337299999169772   0.0009675000001152512   264600
270   0.025790899999265093   0.0015229999989969656   437400
350   0.04211379999833298   0.002305599999090191   735000
420   0.06928310000148485   0.0030813000012130942   1058400
500   0.09742710000136867   0.004479999999603024   1500000
560   0.12548339999921154   0.005793000000267057   1881600
600   0.14008299999841256   0.006569600001967046   2160000
750   0.21479850000105216   0.010524599998461781   3375000
890   0.253518500001519   0.0152669999988575   4752600
950   0.2712931000023673   0.016545899998163804   5415000
1000   0.3036575999976776   0.01617930000065826   6000000
2500   1.3335815999998886   0.25934160000178963   37500000
5000   4.807208599999285   1.715637200002675   150000000
1   0.006072100000892533   0.011440199999924516   6
2   2.3299999156733975e-05   0.00011580000136746094   24
3   1.7400001524947584e-05   6.819999907747842e-05   54
4   2.010000025620684e-05   6.199999916134402e-05   96
5   2.5200002710334957e-05   7.279999772435986e-05   150
6   2.769999991869554e-05   6.10999995842576e-05   216
7   3.0399998649954796e-05   5.62999994144775e-05   294
8   3.819999983534217e-05   5.569999848376028e-05   384
9   4.150000313529745e-05   5.459999738377519e-05   486
10   6.239999856916256e-05   5.5900000006658956e-05   600
14   9.019999924930744e-05   6.159999975352548e-05   1176
16   0.00010110000221175142   7.929999992484227e-05   1536
20   0.00016590000086580403   9.850000060396269e-05   2400
23   0.0002142000012099743   9.259999933419749e-05   3174
27   0.00025550000282237306   0.00010109999857377261   4374
36   0.0004528999998001382   0.0002072000024782028   7776
50   0.0012443999985407572   0.00025129999994533136   15000
100   0.0037671999998565298   0.0004351999996288214   60000
130   0.005727600000682287   0.0005577999982051551   101400
150   0.008721999998670071   0.0008393999996769708   135000
210   0.01956390000123065   0.0015572000011161435   264600
270   0.032313499999872874   0.0017329000002064276   437400
350   0.04755970000041998   0.002279899999848567   735000
420   0.07491970000046422   0.0034500000001571607   1058400
500   0.09679959999994026   0.00429219999932684   1500000
560   0.1157695000001695   0.005872400000953348   1881600
600   0.14101030000165338   0.009529499999189284   2160000
750   0.21187389999977313   0.008737500000279397   3375000
890   0.2774156000014045   0.01605360000030487   4752600
950   0.277735899999243   0.013999499999044929   5415000
1000   0.2917873000005784   0.015004299999418436   6000000
2500   1.268035000000964   0.21341030000257888   37500000
5000   4.883905200000299   1.6256665000000794   150000000
1   0.004718599997431738   0.009569200003170408   6
2   1.6199999663513154e-05   8.119999984046444e-05   24
3   1.1399999493733048e-05   4.3399999412940815e-05   54
4   1.8599999748403206e-05   4.4299998990027234e-05   96
5   2.559999848017469e-05   7.099999857018702e-05   150
6   1.7499998648418114e-05   4.099999932805076e-05   216
7   1.9899998733308166e-05   4.070000068168156e-05   294
8   2.269999822601676e-05   4.0899998566601425e-05   384
9   3.769999966607429e-05   4.13999987358693e-05   486
10   3.139999898849055e-05   4.220000118948519e-05   600
14   5.050000254414044e-05   4.489999992074445e-05   1176
16   7.14999987394549e-05   6.0999998822808266e-05   1536
20   0.00014649999866378494   0.00011029999950551428   2400
23   0.000203800002054777   7.579999873996712e-05   3174
27   0.00013099999705445953   6.930000017746352e-05   4374
36   0.00024329999723704532   0.00014240000018617138   7776
50   0.0008864000010362361   0.00019189999875379726   15000
100   0.0035609999977168627   0.0003735000027518254   60000
130   0.006064100001822226   0.0005724000002373941   101400
150   0.007342400000197813   0.000645199997961754   135000
210   0.016639800000120886   0.0014985999987402465   264600
270   0.027953099997830577   0.001708900002995506   437400
350   0.0503683999995701   0.0024599999997008126   735000
420   0.06831959999908577   0.004067899997608038   1058400
500   0.09957959999883315   0.00431870000102208   1500000
560   0.11847639999905368   0.005402200000389712   1881600
600   0.13874330000180635   0.006680699996650219   2160000
750   0.21626399999877322   0.008243699998274678   3375000
890   0.2631866000010632   0.012011499999061925   4752600
950   0.28448539999953937   0.01442700000188779   5415000
1000   0.31979169999976875   0.016578899998421548   6000000
2500   1.346539699999994   0.2481766000018979   37500000
5000   5.089692600002309   1.6456822000000102   150000000
1   0.00615029999971739   0.011759400000300957   6
2   2.2700001863995567e-05   0.00011019999874406494   24
3   1.6400001186411828e-05   6.24999993306119e-05   54
4   1.5000001440057531e-05   4.949999856762588e-05   96
5   1.80000024556648e-05   4.529999932856299e-05   150
6   2.179999864893034e-05   4.400000034365803e-05   216
7   2.6999998226528987e-05   4.5000000682193786e-05   294
8   3.270000161137432e-05   4.519999856711365e-05   384
9   4.630000330507755e-05   6.509999730042182e-05   486
10   4.989999797544442e-05   5.249999958323315e-05   600
14   7.790000017848797e-05   5.2200000936863944e-05   1176
16   0.00010299999848939478   6.990000110818073e-05   1536
20   0.00014480000027106144   0.0005644999982905574   2400
23   0.00020120000044698827   0.00010569999722065404   3174
27   0.00026499999876250513   0.00011590000212891027   4374
36   0.0004895999991276767   0.00020790000053239055   7776
50   0.0008463000012852717   0.00018589999672258273   15000
100   0.003109599998424528   0.0003381000024091918   60000
130   0.005482299999130191   0.0005548000008275267   101400
150   0.008274100000562612   0.0006758999988960568   135000
210   0.016030700000555953   0.0010568999969109427   264600
270   0.025229399998352164   0.0017804000017349608   437400
350   0.04326829999990878   0.0020685999988927506   735000
420   0.06596689999787486   0.00333899999895948   1058400
500   0.09506569999939529   0.0043724000024667475   1500000
560   0.1142398999982106   0.005486300000484334   1881600
600   0.14177980000022217   0.007024200000159908   2160000
750   0.20930849999786005   0.008795900001132395   3375000
890   0.2702562000013131   0.012729800000670366   4752600
950   0.3584864000004018   0.04644659999758005   5415000
1000   0.34799820000262116   0.01906099999905564   6000000
2500   1.472085800000059   0.23690350000106264   37500000
5000   5.157934800001385   1.667860199999268   150000000
1   0.005009500000596745   0.012862499999755528   6
2   2.7800000680144876e-05   9.700000009615906e-05   24
3   1.2699998478638008e-05   4.780000017490238e-05   54
4   1.4400000509340316e-05   4.5600001612911e-05   96
5   1.6499998309882358e-05   4.520000220509246e-05   150
6   1.9499999325489625e-05   4.510000144364312e-05   216
7   2.2199998056748882e-05   4.400000034365803e-05   294
8   5.2200000936863944e-05   6.0599999414989725e-05   384
9   2.4600001779617742e-05   5.9300000430084765e-05   486
10   2.8200000087963417e-05   3.909999941242859e-05   600
14   4.480000279727392e-05   3.619999915827066e-05   1176
16   5.530000271392055e-05   4.8899997636908665e-05   1536
20   9.790000331122428e-05   7.399999958579428e-05   2400
23   0.00024670000129844993   7.120000009308569e-05   3174
27   0.00021150000247871503   7.76999986555893e-05   4374
36   0.00029830000130459666   0.000179899998329347   7776
50   0.0008804999997664709   0.0002085999985865783   15000
100   0.0032916999989538454   0.00039910000123200007   60000
130   0.005625599998893449   0.0005264999999781139   101400
150   0.007440299999871058   0.0005517999998119194   135000
210   0.014807999999902677   0.0009441000001970679   264600
270   0.02556209999966086   0.0014780999990762211   437400
350   0.045453200000338256   0.002205400000093505   735000
420   0.06418870000197785   0.0034673999980441295   1058400
500   0.09429409999938798   0.004458799998246832   1500000
560   0.11780429999998887   0.005326599999534665   1881600
600   0.14165929999944638   0.00652529999933904   2160000
750   0.2128389999998035   0.009210500000335742   3375000
890   0.26459020000038436   0.01149739999891608   4752600
950   0.28008430000045337   0.013193099999625701   5415000
1000   0.2965844999998808   0.016151699997863034   6000000
2500   1.3021928999987722   0.21496549999937997   37500000
5000   4.865299599998252   1.8422575000004144   150000000
1   0.0060044000019843224   0.011415699998906348   6
2   1.4899997040629387e-05   7.700000060140155e-05   24
3   1.1100000847363845e-05   4.1700001020217314e-05   54
4   1.2799999240087345e-05   4.3799998820759356e-05   96
5   1.5000001440057531e-05   3.989999822806567e-05   150
6   1.750000228639692e-05   3.97000003431458e-05   216
7   2.0800001948373392e-05   4.0499999158782884e-05   294
8   3.1600000511389226e-05   4.0800001443130895e-05   384
9   2.7599999157246202e-05   5.18000015290454e-05   486
10   3.060000017285347e-05   3.900000228895806e-05   600
14   4.9700000090524554e-05   4.199999966658652e-05   1176
16   6.140000186860561e-05   5.5900000006658956e-05   1536
20   8.969999908003956e-05   6.620000203838572e-05   2400
23   0.00011490000179037452   6.229999780771323e-05   3174
27   0.00015010000061010942   8.059999890974723e-05   4374
36   0.00024790000315988436   0.00013810000018565916   7776
50   0.0008194000001822133   0.00019950000205426477   15000
100   0.003102500002569286   0.0003527999979269225   60000
130   0.006305700000666548   0.0006591999990632758   101400
150   0.007309900000109337   0.000634899999568006   135000
210   0.01886459999877843   0.0011620000004768372   264600
270   0.026126199998543598   0.0015880999999353662   437400
350   0.046174600000085775   0.002089699999487493   735000
420   0.07225359999938519   0.003302799999801209   1058400
500   0.08997960000124294   0.004841800000576768   1500000
560   0.1231913000010536   0.005628399998386158   1881600
600   0.13762999999744352   0.008296100000734441   2160000
750   0.21615770000062184   0.00852120000126888   3375000
890   0.2529404000015347   0.014460599999438273   4752600
950   0.2730840000003809   0.01521839999986696   5415000
1000   0.3099513000015577   0.018164499997510575   6000000
2500   1.3288986000006844   0.2201654000018607   37500000
5000   4.748452799998631   1.610953999999765   150000000
1   0.0056072000006679446   0.010093999997479841   6
2   2.170000152545981e-05   0.00010949999705189839   24
3   1.7700000171316788e-05   6.7299999500392e-05   54
4   1.840000186348334e-05   4.959999932907522e-05   96
5   2.3399999918183312e-05   4.7500001528533176e-05   150
6   4.3799998820759356e-05   4.830000034417026e-05   216
7   3.730000025825575e-05   4.8999998398358e-05   294
8   4.5000000682193786e-05   4.6799999836366624e-05   384
9   2.7900001441594213e-05   0.00017350000052829273   486
10   3.270000161137432e-05   0.0001494999996793922   600
14   5.0400001782691106e-05   0.0001770999988366384   1176
16   6.940000093891285e-05   0.0002367999986745417   1536
20   8.08000004326459e-05   0.00027039999986300245   2400
23   0.00012340000102994964   6.650000068475492e-05   3174
27   0.0001564999984111637   7.01000026310794e-05   4374
36   0.0002639999984239694   0.0001523000028100796   7776
50   0.0008295000006910414   0.00018650000129127875   15000
100   0.003086999997321982   0.0003725000024132896   60000
130   0.005580000000918517   0.0005316999995557126   101400
150   0.00840769999922486   0.0005810999973618891   135000
210   0.01834690000032424   0.0010785999984364025   264600
270   0.030684600002132356   0.01005290000102832   437400
350   0.047338100001070416   0.0021161000004212838   735000
420   0.07074270000157412   0.00325189999784925   1058400
500   0.09215760000006412   0.004438099997059908   1500000
560   0.11707000000023982   0.00631960000100662   1881600
600   0.14794479999909527   0.00756810000166297   2160000
750   0.20943439999973634   0.008689599999343045   3375000
890   0.25966780000089784   0.016018799997254973   4752600
950   0.28718490000028396   0.014084800001000986   5415000
1000   0.28944209999826853   0.015592300002026604   6000000
2500   1.2557659999984025   0.22466820000045118   37500000
5000   4.894769599999563   1.5660729000010178   150000000
1   0.0040805999997246545   0.009583800001564668   6
2   2.4999997549457476e-05   0.00012409999908413738   24
3   1.21000011858996e-05   5.1700000767596066e-05   54
4   2.8200000087963417e-05   4.450000051292591e-05   96
5   1.710000287857838e-05   4.2199997551506385e-05   150
6   2.13999992411118e-05   4.4699998397845775e-05   216
7   2.640000093379058e-05   4.320000152802095e-05   294
8   3.429999924264848e-05   4.260000059730373e-05   384
9   3.749999814317562e-05   4.270000135875307e-05   486
10   4.5000000682193786e-05   4.319999789004214e-05   600
14   7.730000288574956e-05   0.0002260999972349964   1176
16   6.70000008540228e-05   0.00017269999807467684   1536
20   9.329999738838524e-05   0.00015470000289496966   2400
23   0.0005127000003994908   0.0002316999998583924   3174
27   0.0002863000008801464   0.0011930000000575092   4374
36   0.0003880000003846362   0.00036220000038156286   7776
50   0.0009251000010408461   0.00021320000087143853   15000
100   0.004704200000560377   0.0009068999970622826   60000
130   0.006754900001396891   0.0006281999994826037   101400
150   0.008586500000092201   0.000745899997127708   135000
210   0.017768000001524342   0.0010672999997041188   264600
270   0.026041999997687526   0.001445500001864275   437400
350   0.042448899999726564   0.0024061999974946957   735000
420   0.06813640000109444   0.0032183000002987683   1058400
500   0.09552780000012717   0.004417000000103144   1500000
560   0.11597009999968577   0.006608900002902374   1881600
600   0.14314509999894653   0.006941700001334539   2160000
750   0.20677230000001146   0.008683800002472708   3375000
890   0.2566898000004585   0.013352199999644654   4752600
950   0.2740917000010086   0.017689600001176586   5415000
1000   0.2947065999978804   0.015338500001234934   6000000
2500   1.3030943000012485   0.21129199999995762   37500000
5000   4.717539000001125   1.585152299998299   150000000
1   0.0051382000019657426   0.011896199997863732   6
2   2.2199998056748882e-05   0.00011580000136746094   24
3   1.6499998309882358e-05   6.299999949987978e-05   54
4   1.929999780259095e-05   5.7699999160831794e-05   96
5   2.3299999156733975e-05   6.030000076862052e-05   150
6   2.5000001187436283e-05   5.2699997468153015e-05   216
7   3.029999788850546e-05   5.200000305194408e-05   294
8   3.7099998735357076e-05   5.7600002037361264e-05   384
9   4.0099999750964344e-05   5.199999941396527e-05   486
10   5.070000042906031e-05   5.400000009103678e-05   600
14   8.470000102533959e-05   6.38999990769662e-05   1176
16   0.00010639999891282059   7.800000093993731e-05   1536
20   0.0001556999995955266   9.270000009564683e-05   2400
23   0.0001990000018849969   8.549999984097667e-05   3174
27   0.00023359999977401458   9.539999882690609e-05   4374
36   0.00042579999717418104   0.00017550000120536424   7776
50   0.0008377999984077178   0.0002066000015474856   15000
100   0.003148300002067117   0.0003518999983498361   60000
130   0.005478300001414027   0.0005727999996452127   101400
150   0.008508000002620975   0.0007233999967866112   135000
210   0.015824699999939185   0.0010153000002901535   264600
270   0.02809279999928549   0.0016352000020560808   437400
350   0.04637969999748748   0.002871600001526531   735000
420   0.06514149999929941   0.003086799999437062   1058400
500   0.09686750000037136   0.004099099998711608   1500000
560   0.11716519999754382   0.005289600001560757   1881600
600   0.1389195000010659   0.0071054000000003725   2160000
750   0.20692960000087623   0.01014740000027814   3375000
890   0.24766169999929843   0.012751999998727115   4752600
950   0.26689210000040475   0.01747330000216607   5415000
1000   0.2833500999986427   0.01868570000078762   6000000
2500   1.2617061999990256   0.22026669999831938   37500000
5000   4.974387099999149   1.7370604000025196   150000000
