1   4.999998054699972e-06   7.94000006862916e-05   8
2   5.699999746866524e-06   3.3299998904112726e-05   32
3   5.699999746866524e-06   2.4100001610349864e-05   72
4   6.399997801054269e-06   2.300000051036477e-05   128
5   7.800001185387373e-06   2.1500000002561137e-05   200
6   9.900002623908222e-06   2.0600000425474718e-05   288
7   1.2000000424450263e-05   2.170000152545981e-05   392
8   1.4399996871361509e-05   2.1900003048358485e-05   512
9   1.7099999240599573e-05   2.1200001356191933e-05   648
10   2.010000025620684e-05   2.1699997887481004e-05   800
14   3.4199998481199145e-05   2.300000051036477e-05   1568
16   0.00020869999934802763   7.310000000870787e-05   2048
20   6.469999789260328e-05   0.0006758000017725863   3200
23   8.290000187116675e-05   0.0001750999981595669   4232
27   0.00012710000009974465   6.0299997130641714e-05   5832
36   0.0002905000001192093   0.00038330000097630545   10368
50   0.0016575999979977496   0.00021920000290265307   20000
100   0.0026376999994681682   0.0003139000000373926   80000
130   0.004794999997102423   0.0006280000015976839   135200
150   0.007484000001568347   0.0006685999978799373   180000
210   0.015788400000019465   0.000828100000944687   352800
270   0.022930099999939557   0.00123639999947045   583200
350   0.043520399998669745   0.0019835000020975713   980000
420   0.05832120000195573   0.002385099996899953   1411200
500   0.09544249999817112   0.003845200000796467   2000000
560   0.12446840000120574   0.00552379999862751   2508800
600   0.1465472999989288   0.0057560999994166195   2880000
750   0.22392839999884018   0.007915000001958106   4500000
890   0.24869899999976042   0.012264699998922879   6336800
950   0.28688570000304026   0.013424900000245543   7220000
1000   0.295893900001829   0.014082999998208834   8000000
5000   4.7126324999990175   1.6589195000015025   200000000
1   0.008049100000789622   0.007823099997040117   8
2   1.4599998394260183e-05   0.00024160000248230062   32
3   1.1200001608813182e-05   4.329999865149148e-05   72
4   1.2699998478638008e-05   4.140000237384811e-05   128
5   1.4200002624420449e-05   3.9299997297348455e-05   200
6   1.590000101714395e-05   3.9299997297348455e-05   288
7   1.97000008483883e-05   4.030000127386302e-05   392
8   2.300000051036477e-05   3.97000003431458e-05   512
9   2.640000093379058e-05   3.919999653589912e-05   648
10   3.070000093430281e-05   4.0099999750964344e-05   800
14   5.0099999498343095e-05   4.270000135875307e-05   1568
16   6.370000119204633e-05   5.700000110664405e-05   2048
20   9.810000119614415e-05   6.659999780822545e-05   3200
23   0.00011319999975967221   6.420000136131421e-05   4232
27   0.0004160999997111503   0.00014010000086273067   5832
36   0.0005447000003186986   0.0001956999985850416   10368
50   0.0009682999989308883   0.00020819999917875975   20000
100   0.0031512999994447455   0.0003180999992764555   80000
130   0.005615499998384621   0.000482300001749536   135200
150   0.007325399998080684   0.00047700000141048804   180000
210   0.01595390000147745   0.000864099998580059   352800
270   0.027667899998050416   0.0012127000009058975   583200
350   0.042884200000116834   0.0018029999991995282   980000
420   0.06969219999882625   0.004787500001839362   1411200
500   0.09137249999912456   0.00459450000198558   2000000
560   0.12156189999950584   0.004113300001336029   2508800
600   0.1385614999999234   0.005592699999397155   2880000
750   0.20771130000139237   0.008623599998827558   4500000
890   0.2527245999990555   0.012136599998484598   6336800
950   0.27258660000006785   0.012890499998320593   7220000
1000   0.2965466000023298   0.017908400001033442   8000000
5000   4.680849799999123   1.6482515999996394   200000000
1   0.009228200000507059   0.008193100002245046   8
2   1.5100002201506868e-05   7.65999975556042e-05   32
3   1.1100000847363845e-05   4.149999949731864e-05   72
4   1.2799999240087345e-05   4.010000338894315e-05   128
5   1.4799999917158857e-05   3.9599999581696466e-05   200
6   1.7499998648418114e-05   5.140000212122686e-05   288
7   3.1200001103570685e-05   5.539999983739108e-05   392
8   2.469999890308827e-05   4.780000017490238e-05   512
9   2.7400001272326335e-05   4.409999746712856e-05   648
10   5.700000110664405e-05   4.769999941345304e-05   800
14   4.980000085197389e-05   4.6299999667098746e-05   1568
16   6.299999949987978e-05   8.829999933368526e-05   2048
20   0.0001630000006116461   7.869999899412505e-05   3200
23   0.00011559999984456226   6.720000237692147e-05   4232
27   0.00015390000044135377   7.329999789362773e-05   5832
36   0.0002764999990176875   0.00016379999942728318   10368
50   0.0008153000017045997   0.00017279999883612618   20000
100   0.0030880000012984965   0.00032699999792384915   80000
130   0.005598599997028941   0.0004981000020052306   135200
150   0.007973900002980372   0.0005732999998144805   180000
210   0.014798799998970935   0.0009011000001919456   352800
270   0.031041299997013994   0.0014084000031289179   583200
350   0.044620900000154506   0.0016546000006201211   980000
420   0.06210989999817684   0.002764299999398645   1411200
500   0.11693920000107028   0.003378299999894807   2000000
560   0.11799059999975725   0.004385000000183936   2508800
600   0.1339936000003945   0.005585299997619586   2880000
750   0.20738259999779984   0.009079399998881854   4500000
890   0.2524388000019826   0.012213199999678181   6336800
950   0.26858520000314456   0.01812710000012885   7220000
1000   0.2928721999996924   0.01305309999952442   8000000
5000   4.696424000001571   1.638718999998673   200000000
1   0.009816200003115227   0.01070889999755309   8
2   2.099999983329326e-05   0.00031659999876865186   32
3   1.3199998647905886e-05   5.120000059832819e-05   72
4   1.4000001101521775e-05   4.5500000851461664e-05   128
5   1.5600002370774746e-05   4.459999763639644e-05   200
6   2.689999746507965e-05   6.25000029685907e-05   288
7   3.260000084992498e-05   5.889999738428742e-05   392
8   2.4599998141638935e-05   4.540000009001233e-05   512
9   2.7999998565064743e-05   4.579999949783087e-05   648
10   3.0800001695752144e-05   4.149999949731864e-05   800
14   5.5199998314492404e-05   4.3000000005122274e-05   1568
16   6.299999949987978e-05   5.9699999837903306e-05   2048
20   9.209999916492961e-05   6.819999907747842e-05   3200
23   9.869999848888256e-05   6.159999975352548e-05   4232
27   0.00015350000103353523   6.999999823165126e-05   5832
36   0.0002562000008765608   0.00014349999764817767   10368
50   0.0008428999972238671   0.00016810000306577422   20000
100   0.0034328000001551118   0.0003026000013051089   80000
130   0.005734599999414058   0.0004893000004813075   135200
150   0.007459199998265831   0.0005006999999750406   180000
210   0.015400699998281198   0.0009147000018856488   352800
270   0.02635779999764054   0.0014101000015216414   583200
350   0.045942000000650296   0.0017601999970793258   980000
420   0.06359650000013062   0.0029324999995878898   1411200
500   0.09579709999889019   0.0036432000015338417   2000000
560   0.12175820000265958   0.004263499999069609   2508800
600   0.14567320000060135   0.005661700000928249   2880000
750   0.20779050000055577   0.009043500002007931   4500000
890   0.26174119999996037   0.012183199996798066   6336800
950   0.2735370000009425   0.015084499998920364   7220000
1000   0.2793849000008777   0.014696199999889359   8000000
5000   4.817906799999037   1.6344626999998582   200000000
1   0.012369299998681527   0.010528099999646656   8
2   1.5400000847876072e-05   8.059999890974723e-05   32
3   1.1399999493733048e-05   4.270000135875307e-05   72
4   1.2900000001536682e-05   4.039999839733355e-05   128
5   1.4400000509340316e-05   3.7999998312443495e-05   200
6   1.680000059423037e-05   3.769999966607429e-05   288
7   1.9600000086938962e-05   3.850000211969018e-05   392
8   2.2500000341096893e-05   3.7999998312443495e-05   512
9   4.890000127488747e-05   5.6000000768108293e-05   648
10   3.0300001526484266e-05   3.9200000173877925e-05   800
14   4.86999997519888e-05   4.149999949731864e-05   1568
16   5.549999696086161e-05   5.720000262954272e-05   2048
20   8.990000060293823e-05   6.710000161547214e-05   3200
23   0.00011369999992894009   6.079999729990959e-05   4232
27   0.00027860000045620836   7.330000153160654e-05   5832
36   0.00021389999892562628   0.00015350000103353523   10368
50   0.0009322000005340669   0.0003359000002092216   20000
100   0.003165800000715535   0.00032359999750042334   80000
130   0.006432799997128313   0.00047960000301827677   135200
150   0.007383700001810212   0.0005031999971834011   180000
210   0.01481920000151149   0.0007538999998359941   352800
270   0.025991599999542814   0.0013935999995737802   583200
350   0.04981450000195764   0.0018564999991212972   980000
420   0.09023010000237264   0.0028859999983978923   1411200
500   0.09647079999922425   0.004407899999932852   2000000
560   0.1173640000015439   0.004639399998268345   2508800
600   0.13509020000128658   0.005674599997291807   2880000
750   0.21647330000268994   0.007291299996722955   4500000
890   0.25047129999802564   0.012277099998755148   6336800
950   0.27547259999846574   0.014199699999153381   7220000
1000   0.2906108999995922   0.01577970000289497   8000000
5000   4.6917586999989   1.628188599999703   200000000
1   0.008304800001496915   0.008089700000709854   8
2   1.5199999324977398e-05   8.380000144825317e-05   32
3   1.3799999578623101e-05   4.389999958220869e-05   72
4   1.0100000508828089e-05   3.730000025825575e-05   128
5   1.089999932446517e-05   3.2500000088475645e-05   200
6   1.2500000593718141e-05   2.9899998480686918e-05   288
7   1.4900000678608194e-05   2.970000059576705e-05   392
8   1.7400001524947584e-05   2.7399997634347528e-05   512
9   2.049999966402538e-05   2.640000093379058e-05   648
10   3.149999974993989e-05   0.00042519999988144264   800
14   6.10999995842576e-05   4.690000059781596e-05   1568
16   0.00046740000107092783   0.0001201999984914437   2048
20   8.940000043367036e-05   7.030000051599927e-05   3200
23   0.00011610000001383014   6.240000220714137e-05   4232
27   0.00015139999959501438   6.769999890821055e-05   5832
36   0.0002615000012156088   0.00017529999968246557   10368
50   0.0007961000010254793   0.00018030000137514435   20000
100   0.003003300000273157   0.00031859999944572337   80000
130   0.005750099997385405   0.0004895999991276767   135200
150   0.007416399999783607   0.0005242000006546732   180000
210   0.014372199999343138   0.0008372000011149794   352800
270   0.026400599999760743   0.0013542000015149824   583200
350   0.04810390000056941   0.0023380999991786666   980000
420   0.06621499999891967   0.0024010999986785464   1411200
500   0.0964869000017643   0.00367049999840674   2000000
560   0.12102029999732622   0.0043541000013647135   2508800
600   0.13362419999975828   0.005431900000985479   2880000
750   0.21061179999742308   0.01140769999983604   4500000
890   0.24930069999754778   0.015272100001311628   6336800
950   0.2742056999995839   0.015336300002672942   7220000
1000   0.2861652999999933   0.013594500000181142   8000000
5000   4.671708900001249   1.680013900000631   200000000
1   0.012606100000994047   0.010373299999628216   8
2   1.5100002201506868e-05   7.849999747122638e-05   32
3   1.1200001608813182e-05   4.9700000090524554e-05   72
4   1.2900000001536682e-05   0.00014220000230125152   128
5   1.559999873279594e-05   4.149999949731864e-05   200
6   1.8200000340584666e-05   4.180000178166665e-05   288
7   2.1100000594742596e-05   4.159999662078917e-05   392
8   2.429999949526973e-05   4.099999932805076e-05   512
9   2.7999998565064743e-05   4.540000009001233e-05   648
10   3.199999991920777e-05   4.570000237436034e-05   800
14   5.419999797595665e-05   4.760000228998251e-05   1568
16   8.710000111022964e-05   6.239999856916256e-05   2048
20   8.860000161803328e-05   7.510000068577938e-05   3200
23   0.00010960000145132653   5.759999839938246e-05   4232
27   0.00014340000052470714   0.0001703000016277656   5832
36   0.0002147999985027127   0.00022150000222609378   10368
50   0.0009011000001919456   0.0003742000008060131   20000
100   0.003411400000914   0.0005304000005708076   80000
130   0.005917499998759013   0.0005399000001489185   135200
150   0.00806190000002971   0.0004984999977750704   180000
210   0.014921599999070168   0.0009088000006158836   352800
270   0.0272941000002902   0.0013173000006645452   583200
350   0.04912920000060694   0.0020465999987209216   980000
420   0.06460629999855882   0.0025764999991224613   1411200
500   0.09587219999957597   0.0043150999990757555   2000000
560   0.11618340000131866   0.004316999998991378   2508800
600   0.13651630000094883   0.00582120000035502   2880000
750   0.21172840000144788   0.01096989999859943   4500000
890   0.26176029999987804   0.01349829999890062   6336800
950   0.2803003000008175   0.014466599997831509   7220000
1000   0.2910409000032814   0.01512169999841717   8000000
5000   4.76713970000128   1.6564947999977448   200000000
1   0.008109599999443162   0.007862000002205605   8
2   1.4799999917158857e-05   7.730000288574956e-05   32
3   1.1100000847363845e-05   4.160000025876798e-05   72
4   1.2699998478638008e-05   3.980000110459514e-05   128
5   1.1600001016631722e-05   3.5799999750452116e-05   200
6   1.2500000593718141e-05   2.979999771923758e-05   288
7   1.5099998563528061e-05   2.809999932651408e-05   392
8   2.4100001610349864e-05   4.239999907440506e-05   512
9   3.590000051190145e-05   3.440000000409782e-05   648
10   2.5499997718725353e-05   2.9900002118665725e-05   800
14   4.270000135875307e-05   3.020000076503493e-05   1568
16   5.4600001021753997e-05   4.6399996790569276e-05   2048
20   0.00020020000010845251   0.0001677999971434474   3200
23   0.00012280000009923242   0.00016360000154236332   4232
27   0.00026059999800054356   0.0001630000006116461   5832
36   0.0003053999971598387   0.00028670000028796494   10368
50   0.0010990000009769574   0.0003958000015700236   20000
100   0.0040899000014178455   0.0008123000006889924   80000
130   0.006744799997250084   0.0008307000025524758   135200
150   0.009864899999229237   0.0008075000005192123   180000
210   0.018285400001332164   0.0008983999978227075   352800
270   0.026840599999559345   0.0011669000014080666   583200
350   0.04205490000094869   0.0017360999991069548   980000
420   0.06657250000353088   0.002418499996565515   1411200
500   0.09221689999685623   0.004764100001921179   2000000
560   0.12072790000092937   0.004859600001509534   2508800
600   0.13947790000020177   0.007383600001048762   2880000
750   0.20711219999793684   0.008286000000225613   4500000
890   0.2532539000021643   0.011061199998948723   6336800
950   0.28020570000080625   0.01590840000062599   7220000
1000   0.279989900001965   0.014315299998997943   8000000
5000   4.748253300000215   1.676651199999469   200000000
1   0.007968900001287693   0.008833899999444839   8
2   3.099999958067201e-05   8.289999823318794e-05   32
3   1.2000000424450263e-05   4.540000009001233e-05   72
4   1.9800001609837636e-05   5.160000000614673e-05   128
5   1.559999873279594e-05   4.4600001274375245e-05   200
6   1.7800000932766125e-05   4.350000017439015e-05   288
7   2.010000025620684e-05   0.00015419999908772297   392
8   2.300000051036477e-05   4.11000000895001e-05   512
9   2.6699999580159783e-05   4.0099999750964344e-05   648
10   3.070000093430281e-05   4.0099999750964344e-05   800
14   4.9199999921256676e-05   4.199999966658652e-05   1568
16   6.470000153058209e-05   5.459999738377519e-05   2048
20   8.920000254875049e-05   6.679999933112413e-05   3200
23   0.00011330000052112155   6.000000212225132e-05   4232
27   0.00014989999908721074   6.67000022076536e-05   5832
36   0.0002569999996921979   0.00015419999908772297   10368
50   0.0008717000018805265   0.0001818999990064185   20000
100   0.0031302000024879817   0.0002952999966510106   80000
130   0.005188999999518273   0.00046610000208602287   135200
150   0.007303999998839572   0.0005074000000604428   180000
210   0.014746400000149151   0.000820400000520749   352800
270   0.024247100001957733   0.0012491999987105373   583200
350   0.05157089999920572   0.002232700000604382   980000
420   0.06522930000210181   0.0025250999970012344   1411200
500   0.09302069999830564   0.0036595999990822747   2000000
560   0.11757890000080806   0.00442059999841149   2508800
600   0.141081400000985   0.005444399997941218   2880000
750   0.2102359999989858   0.009765900002093986   4500000
890   0.2635932999983197   0.011548400001629489   6336800
950   0.26866270000027725   0.013625399999000365   7220000
1000   0.2942311000006157   0.015061799997056369   8000000
5000   4.698931700000685   1.6231922000006307   200000000
1   0.010522000000491971   0.010305499999958556   8
2   2.0699997548945248e-05   0.00010960000145132653   32
3   1.4299999747890979e-05   5.400000009103678e-05   72
4   1.849999898695387e-05   4.9700000090524554e-05   128
5   2.2799998987466097e-05   4.8400001105619594e-05   200
6   2.9299997549969703e-05   5.120000059832819e-05   288
7   3.6699999327538535e-05   4.8000001697801054e-05   392
8   4.430000262800604e-05   4.780000017490238e-05   512
9   5.339999916031957e-05   4.7900000936351717e-05   648
10   6.129999746917747e-05   0.00022109999918029644   800
14   8.86999987415038e-05   0.0008587000011175405   1568
16   0.00010990000009769574   8.820000221021473e-05   2048
20   0.00015559999883407727   0.0001931000006152317   3200
23   0.00022119999994174577   0.00019570000222302042   4232
27   0.0002762000003713183   0.00010750000001280569   5832
36   0.0005038999988755677   0.0002440999996906612   10368
50   0.001045900000463007   0.00019980000070063397   20000
100   0.0034981999997398816   0.00047089999861782417   80000
130   0.006073399999877438   0.0005457000006572343   135200
150   0.007540099999459926   0.0005780999999842606   180000
210   0.014508599997498095   0.0007980000009411015   352800
270   0.024898200001189252   0.0012238000017532613   583200
350   0.044190600001456914   0.0023714999988442287   980000
420   0.06415329999799724   0.00286950000008801   1411200
500   0.09275809999962803   0.0037516999982472043   2000000
560   0.11830810000174097   0.004439000000274973   2508800
600   0.14471839999896474   0.005357199999707518   2880000
750   0.21449030000076164   0.008633900000859285   4500000
890   0.24741499999799998   0.012819600000511855   6336800
950   0.2640102000004845   0.015526499999396037   7220000
1000   0.2953679000020202   0.01563940000050934   8000000
5000   4.602205099999992   1.6878314000023238   200000000
