0.00022459999308921397 1 
8.610001532360911e-05 2 
8.899997919797897e-05 3 
5.3800002206116915e-05 4 
5.2000017603859305e-05 5 
6.980000762268901e-05 6 
5.8900011936202645e-05 7 
7.340000593103468e-05 8 
7.54999928176403e-05 9 
6.289998418651521e-05 10 
6.890000076964498e-05 14 
7.080001523718238e-05 16 
8.950001210905612e-05 20 
8.81000014487654e-05 23 
0.0001052000152412802 27 
0.00015339997480623424 36 
0.0003559000033419579 50 
0.0009408000041730702 100 
0.0015829000039957464 130 
0.002071700000669807 150 
0.004454799985978752 210 
0.006033899990143254 270 
0.012703099986538291 350 
0.01740429998608306 420 
0.021896299993386492 500 
0.033052199985831976 560 
0.05658720000064932 700 
0.14268859999720007 1000 
0.4253424000053201 1500 
1.514179999998305 2250 
3.5546945999958552 3000 
0.005860500008566305 1 
0.00010140001541003585 2 
6.220000796020031e-05 3 
5.0300004659220576e-05 4 
5.0399976316839457e-05 5 
5.3099996875971556e-05 6 
5.6200020480901e-05 7 
5.8399979025125504e-05 8 
5.909998435527086e-05 9 
5.970001802779734e-05 10 
7.340000593103468e-05 14 
0.0001433999859727919 16 
0.00013219998800195754 20 
0.00011930000619031489 23 
0.0001236999814864248 27 
0.00019379999139346182 36 
0.00033790001180022955 50 
0.0011354000016581267 100 
0.0017485999851487577 130 
0.002024599991273135 150 
0.003580500022508204 210 
0.0054256000148598105 270 
0.011542299995198846 350 
0.015492699982132763 420 
0.019422800018219277 500 
0.029490600019926205 560 
0.05758160000550561 700 
0.14248340000631288 1000 
0.43955650000134483 1500 
1.5044482000230346 2250 
3.569309099984821 3000 
0.0058695000188890845 1 
0.000145500001963228 2 
0.00012179999612271786 3 
9.839999256655574e-05 4 
0.00010569998994469643 5 
0.00010229999315924942 6 
9.670000872574747e-05 7 
0.00011039999662898481 8 
0.00010370000381954014 9 
7.680000271648169e-05 10 
8.730002446100116e-05 14 
0.00012929999502375722 16 
0.00014509999891743064 20 
0.00015629999688826501 23 
0.00019109999993816018 27 
0.0002445999998599291 36 
0.00040940000326372683 50 
0.001048100006300956 100 
0.001923600008012727 130 
0.0024206000089179724 150 
0.0034530000120867044 210 
0.0070244999951682985 270 
0.009256799996364862 350 
0.01634940001531504 420 
0.023324299982050434 500 
0.032834700017701834 560 
0.05654570000478998 700 
0.13710920000448823 1000 
0.4462190000049304 1500 
1.5021242999937385 2250 
3.567283899988979 3000 
0.006201099982718006 1 
0.00010649999603629112 2 
7.730000652372837e-05 3 
6.940000457689166e-05 4 
8.340002386830747e-05 5 
7.539999205619097e-05 6 
7.750000804662704e-05 7 
7.899999036453664e-05 8 
8.140000863932073e-05 9 
8.32000223454088e-05 10 
0.0001328999933321029 14 
0.00014620000729337335 16 
0.0001469000126235187 20 
0.00015720000374130905 23 
0.00018339999951422215 27 
0.00022070002160035074 36 
0.0005452999903354794 50 
0.0008822999952826649 100 
0.0018588000093586743 130 
0.002156699978513643 150 
0.0038021000218577683 210 
0.005094199994346127 270 
0.009315300005255267 350 
0.015325600019423291 420 
0.021684100007405505 500 
0.03301710000960156 560 
0.05621239999891259 700 
0.13508129998808727 1000 
0.42763120000017807 1500 
1.5547541000123601 2250 
3.529240799980471 3000 
0.008658599981572479 1 
0.00014179997378960252 2 
8.450000314041972e-05 3 
7.379997987300158e-05 4 
7.849998655728996e-05 5 
8.87999776750803e-05 6 
7.599999662488699e-05 7 
7.690000347793102e-05 8 
7.919999188743532e-05 9 
0.00010580001980997622 10 
8.909997995942831e-05 14 
9.449999197386205e-05 16 
0.00010400000610388815 20 
0.00011389999417588115 23 
0.00012650000280700624 27 
0.00016140000661835074 36 
0.00030849999166093767 50 
0.0008633999968878925 100 
0.0015619999903719872 130 
0.0018514999828767031 150 
0.004138600022997707 210 
0.006849900004453957 270 
0.010943699977360666 350 
0.01546479997341521 420 
0.02101360002416186 500 
0.031068400014191866 560 
0.05159120002645068 700 
0.14528140000766143 1000 
0.419348399998853 1500 
1.4691425999917556 2250 
3.555241899972316 3000 
0.008418899989919737 1 
0.00014540000120177865 2 
9.649997809901834e-05 3 
8.040000102482736e-05 4 
8.189998334273696e-05 5 
8.019999950192869e-05 6 
8.410000009462237e-05 7 
8.430000161752105e-05 8 
0.00010590002057142556 9 
9.42000187933445e-05 10 
0.00010969999129883945 14 
0.00011359999189153314 16 
0.00013120000949129462 20 
0.00015669999993406236 23 
0.00016489997506141663 27 
0.00020829998538829386 36 
0.00036669999826699495 50 
0.0010466999956406653 100 
0.0018183000211138278 130 
0.0024711000151000917 150 
0.004176000016741455 210 
0.005441499990411103 270 
0.011721900023985654 350 
0.01607090001925826 420 
0.020001299999421462 500 
0.03252369997790083 560 
0.057084200001554564 700 
0.13311460000113584 1000 
0.44603940000524744 1500 
1.6375300000072457 2250 
3.5996987000107765 3000 
0.005615800007944927 1 
0.00011670001549646258 2 
7.450001430697739e-05 3 
5.670002428814769e-05 4 
6.130000110715628e-05 5 
5.6599994422867894e-05 6 
5.420000525191426e-05 7 
5.370000144466758e-05 8 
0.00011749999248422682 9 
7.85999873187393e-05 10 
8.170001092366874e-05 14 
8.280001929961145e-05 16 
9.200000204145908e-05 20 
0.00011580000864341855 23 
0.00012310000602155924 27 
0.00015529998927377164 36 
0.0002795000036712736 50 
0.0007847000088077039 100 
0.0013198000087868422 130 
0.0016595000051893294 150 
0.0035416000173427165 210 
0.007402699993690476 270 
0.011240699997870252 350 
0.013824599998770282 420 
0.021432200010167435 500 
0.03194020001683384 560 
0.05684289999771863 700 
0.1880521000130102 1000 
0.4296297999972012 1500 
1.5321188000089023 2250 
3.8022834999719635 3000 
0.008686799992574379 1 
0.00014399999054148793 2 
0.0001252999936696142 3 
9.740001405589283e-05 4 
9.329998283647001e-05 5 
0.00011100000119768083 6 
0.00013200001558288932 7 
0.0001561000244691968 8 
0.0001880000054370612 9 
9.060002048499882e-05 10 
0.00012519999290816486 14 
8.930001058615744e-05 16 
0.00011759999324567616 20 
0.00010679999832063913 23 
0.000139000010676682 27 
0.00015860001440159976 36 
0.00030610000248998404 50 
0.00105489999987185 100 
0.0014127000176813453 130 
0.0023261000169441104 150 
0.004186300007859245 210 
0.006583299982594326 270 
0.010980899998685345 350 
0.01826979999896139 420 
0.021571399993263185 500 
0.028500699991127476 560 
0.06075480001163669 700 
0.16453609999734908 1000 
0.450256400014041 1500 
1.8666318000177853 2250 
4.4199184000026435 3000 
0.008193899993784726 1 
0.00016830000095069408 2 
0.00010879998444579542 3 
9.580000187270343e-05 4 
9.659997886046767e-05 5 
0.00011759999324567616 6 
0.00012229999992996454 7 
0.00015579999308101833 8 
0.0001807000080589205 9 
0.0001461999781895429 10 
0.00015219999477267265 14 
0.00013550001312978566 16 
0.0001568000006955117 20 
0.00015999999595806003 23 
0.00016189998132176697 27 
0.0002615000121295452 36 
0.00041480001527816057 50 
0.0009824000007938594 100 
0.002002399996854365 130 
0.002359200007049367 150 
0.0043110999977216125 210 
0.007456499995896593 270 
0.010534800007008016 350 
0.017181599978357553 420 
0.022761100000934675 500 
0.03540329998941161 560 
0.06379179999930784 700 
0.15609940001741052 1000 
0.5288554999860935 1500 
1.8417833000130486 2250 
4.2374424999870826 3000 
0.00615159998415038 1 
0.0001120000088121742 2 
0.00019309998606331646 3 
9.57000011112541e-05 4 
0.00012489999062381685 5 
8.72999953571707e-05 6 
8.9599983766675e-05 7 
8.490000618621707e-05 8 
9.940000018104911e-05 9 
0.00010679999832063913 10 
0.00013580001541413367 14 
0.0001002000062726438 16 
0.00010750000365078449 20 
0.000148899998748675 23 
0.00018210001871921122 27 
0.0001996999781113118 36 
0.0003819999983534217 50 
0.001204100000904873 100 
0.0017026999848894775 130 
0.0023848999990150332 150 
0.005065099976491183 210 
0.006493000022601336 270 
0.010130199982086197 350 
0.01993490001768805 420 
0.022417200001655146 500 
0.033628900011535734 560 
0.05833359999815002 700 
0.15674940001918003 1000 
0.4488722999813035 1500 
1.5794797999842558 2250 
3.757004399987636 3000 
