0.0028984999808017164 1 
0.00013259999104775488 2 
0.00010660002590157092 3 
9.240000508725643e-05 4 
9.250000584870577e-05 5 
9.779998799785972e-05 6 
9.369998588226736e-05 7 
9.549999958835542e-05 8 
9.690001024864614e-05 9 
0.0001134999911300838 10 
0.0001252999936696142 14 
0.00012209999840706587 16 
0.00013979998766444623 20 
0.00023169998894445598 23 
0.0002049999893642962 27 
0.00032479999936185777 36 
0.0003476999991107732 50 
0.001240199984749779 100 
0.001719099993351847 130 
0.0025692999770399183 150 
0.004016499995486811 210 
0.006262500013690442 270 
0.012169199995696545 350 
0.018604000011691824 420 
0.02421840000897646 500 
0.029500900011043996 560 
0.047960500000044703 700 
0.1161609000118915 1000 
0.36804629999096505 1500 
1.408980700012762 2250 
2.6526568999979645 3000 
0.0041514000040479004 1 
0.00015580002218484879 2 
0.00012149999383836985 3 
0.00010710000060498714 4 
0.00010689999908208847 5 
0.00010900001507252455 6 
0.00012450001668184996 7 
8.609998621977866e-05 8 
8.719999459572136e-05 9 
8.909997995942831e-05 10 
0.00011679998715408146 14 
0.00010879998444579542 16 
0.00011449999874457717 20 
0.00011759999324567616 23 
0.00014370001736097038 27 
0.0002142000012099743 36 
0.0003425999893806875 50 
0.0009454999817535281 100 
0.0015836999809835106 130 
0.002326000016182661 150 
0.004461700009414926 210 
0.006782200012821704 270 
0.01198169999406673 350 
0.016013900021789595 420 
0.02676199999405071 500 
0.0304615999921225 560 
0.05521099999896251 700 
0.12578509998274967 1000 
0.3327452999947127 1500 
1.1288716999988537 2250 
2.6209759000048507 3000 
0.003465299989329651 1 
0.00011619998258538544 2 
6.819999543949962e-05 3 
6.819999543949962e-05 4 
9.240000508725643e-05 5 
7.909999112598598e-05 6 
6.459999713115394e-05 7 
6.130000110715628e-05 8 
7.680000271648169e-05 9 
7.129998994059861e-05 10 
8.369999704882503e-05 14 
8.209998486563563e-05 16 
0.00011029999586753547 20 
0.00013529998250305653 23 
0.00014170000213198364 27 
0.0002528999757487327 36 
0.00038579999818466604 50 
0.001098500011721626 100 
0.0013638999953400344 130 
0.0022453000128734857 150 
0.003596900001866743 210 
0.006067500013159588 270 
0.010266400000546128 350 
0.018193299998529255 420 
0.02271910000126809 500 
0.029152400005841628 560 
0.05405360000440851 700 
0.120848799997475 1000 
0.32876040000701323 1500 
1.103597000008449 2250 
2.9393691000004765 3000 
0.003069600003072992 1 
0.00011989998165518045 2 
0.0001317999849561602 3 
7.869998808018863e-05 4 
7.799998275004327e-05 5 
0.00011950000771321356 6 
9.730001329444349e-05 7 
0.0001297999988310039 8 
9.459999273531139e-05 9 
0.0001260999997612089 10 
0.00012360000982880592 14 
0.00012039998546242714 16 
0.00013000000035390258 20 
0.00016729999333620071 23 
0.0001736000122036785 27 
0.0002567000046838075 36 
0.00030739998328499496 50 
0.0011329000117257237 100 
0.001513299997895956 130 
0.001931900013005361 150 
0.0037250999885145575 210 
0.006815500004449859 270 
0.011996099987300113 350 
0.018774500000290573 420 
0.02563749998807907 500 
0.034252499986905605 560 
0.05779269998311065 700 
0.13454030000139028 1000 
0.3300517000025138 1500 
1.365026100014802 2250 
2.7934154999966267 3000 
0.0031373999954666942 1 
9.919999865815043e-05 2 
8.480000542476773e-05 3 
7.740000728517771e-05 4 
7.88999896030873e-05 5 
7.949999417178333e-05 6 
8.139997953549027e-05 7 
8.219998562708497e-05 8 
8.440000237897038e-05 9 
9.730001329444349e-05 10 
0.00013280002167448401 14 
0.00013270002091303468 16 
0.00014449999434873462 20 
0.00018930001533590257 23 
0.0001894999877549708 27 
0.00027710001450031996 36 
0.00037239998346194625 50 
0.0009757000079844147 100 
0.001420300017343834 130 
0.001736999984132126 150 
0.003882399993017316 210 
0.007533699972555041 270 
0.010815200017532334 350 
0.01975249999668449 420 
0.02444219999597408 500 
0.03530110002611764 560 
0.05891589997918345 700 
0.12362149998079985 1000 
0.3592378000030294 1500 
1.1082360000000335 2250 
2.925111899996409 3000 
0.003230200003599748 1 
0.0001790999958757311 2 
0.00044380000326782465 3 
0.00015219999477267265 4 
0.00017079999088309705 5 
0.00013899998157285154 6 
0.0001469000126235187 7 
0.00011749999248422682 8 
0.00012989999959245324 9 
0.00012240000069141388 10 
0.0001467999827582389 14 
0.00015410000924021006 16 
0.00016769999638199806 20 
0.00026840000646188855 23 
0.00025939999613910913 27 
0.00028970002313144505 36 
0.0004039000195916742 50 
0.0011623000027611852 100 
0.001879699993878603 130 
0.0018287000129930675 150 
0.004545100004179403 210 
0.007368799997493625 270 
0.01000370000838302 350 
0.014803700003540143 420 
0.02738729998236522 500 
0.03494250000221655 560 
0.055707599996821955 700 
0.1356718000024557 1000 
0.34705370001029223 1500 
1.2194496000010986 2250 
2.7265431999985594 3000 
0.004438300005858764 1 
0.0001708999916445464 2 
0.00010089998249895871 3 
8.329999400302768e-05 4 
8.310002158395946e-05 5 
8.420000085607171e-05 6 
8.450000314041972e-05 7 
8.6199986981228e-05 8 
9.84000216703862e-05 9 
9.650000720284879e-05 10 
0.00010809997911565006 14 
0.00010969999129883945 16 
0.0001241999852936715 20 
0.000152299995534122 23 
0.00012809998588636518 27 
0.00028700000257231295 36 
0.0002580000145826489 50 
0.001644000003580004 100 
0.001673899998422712 130 
0.001631999999517575 150 
0.0033863999997265637 210 
0.006026300019584596 270 
0.00947049999376759 350 
0.015553500008536503 420 
0.02369370000087656 500 
0.032496600004378706 560 
0.05401950000668876 700 
0.12531820000731386 1000 
0.3569394999940414 1500 
1.1183982999937143 2250 
2.651715800020611 3000 
0.0033235999871976674 1 
0.00010470001143403351 2 
6.699998630210757e-05 3 
5.750000127591193e-05 4 
5.7199998991563916e-05 5 
5.7399971410632133e-05 6 
5.910001345910132e-05 7 
6.550000398419797e-05 8 
6.160000339150429e-05 9 
7.720000576227903e-05 10 
7.360000745393336e-05 14 
9.389998740516603e-05 16 
9.560000034980476e-05 20 
0.00010379997547715902 23 
0.00012849998893216252 27 
0.00030300000798888505 36 
0.00028830001247115433 50 
0.001113300008000806 100 
0.0015721999807283282 130 
0.002793399995425716 150 
0.003355499997269362 210 
0.006351799995172769 270 
0.009672100015450269 350 
0.014885499986121431 420 
0.02283129998249933 500 
0.028087400016374886 560 
0.05552720002015121 700 
0.1313291999977082 1000 
0.34778589999768883 1500 
1.137001600000076 2250 
2.6281761999998707 3000 
0.0027800000098068267 1 
0.0001351000100839883 2 
0.0001033000007737428 3 
8.269998943433166e-05 4 
8.210001396946609e-05 5 
8.169998181983829e-05 6 
8.279999019578099e-05 7 
8.370002615265548e-05 8 
0.0001036000030580908 9 
6.980000762268901e-05 10 
7.90000194683671e-05 14 
9.300000965595245e-05 16 
0.00012149999383836985 20 
0.0002818999928422272 23 
0.00013320002472028136 27 
0.00035000001662410796 36 
0.00025960002676583827 50 
0.000965300016105175 100 
0.002365399996051565 130 
0.0015984000056050718 150 
0.0038687000051140785 210 
0.006859300017822534 270 
0.011434399988502264 350 
0.014797200012253597 420 
0.023968699999386445 500 
0.03567879999172874 560 
0.053280599997378886 700 
0.11909089999971911 1000 
0.3532242000219412 1500 
1.1550013999803923 2250 
2.714210699981777 3000 
0.004206900019198656 1 
0.00014819999341852963 2 
0.00010930001735687256 3 
8.929998148232698e-05 4 
8.910000906325877e-05 5 
9.250000584870577e-05 6 
9.210000280290842e-05 7 
0.00010649999603629112 8 
9.690001024864614e-05 9 
0.00011530000483617187 10 
0.00010790000669658184 14 
0.00011170000652782619 16 
0.00013349999790079892 20 
0.00016170000890269876 23 
0.00016289998893626034 27 
0.00024309998843818903 36 
0.00035249997745268047 50 
0.0009815999947022647 100 
0.0015700999938417226 130 
0.0021548999939113855 150 
0.004036400001496077 210 
0.007164099981309846 270 
0.010355100006563589 350 
0.015378800017060712 420 
0.02529560000402853 500 
0.029700899991439655 560 
0.05581489999894984 700 
0.1331110000028275 1000 
0.362975700001698 1500 
1.1193154999928083 2250 
2.56567080001696 3000 
