0.004024800000479445 1 
0.00016680001863278449 2 
0.00010380000458098948 3 
8.610001532360911e-05 4 
0.00013100000796839595 5 
0.0001154000055976212 6 
0.00011510000331327319 7 
0.0001188000023830682 8 
0.00010949998977594078 9 
0.00010139998630620539 10 
0.00013189998571760952 14 
9.200000204145908e-05 16 
0.00015629999688826501 20 
0.0001787999935913831 23 
0.00013970001600682735 27 
0.00027489999774843454 36 
0.00030819998937658966 50 
0.0007956000044941902 100 
0.0013214999926276505 130 
0.0018884000019170344 150 
0.0038256999978329986 210 
0.005885100021259859 270 
0.012449000001652166 350 
0.018095700012054294 420 
0.024114899977575988 500 
0.03053310001268983 560 
0.04943120002280921 700 
0.12001620000228286 1000 
0.36930339998798445 1500 
1.3639737000048626 2250 
2.6012784000195097 3000 
0.0029537000227719545 1 
9.630000567995012e-05 2 
8.030000026337802e-05 3 
7.160002132877707e-05 4 
7.229999755509198e-05 5 
0.00012939999578520656 6 
8.979998528957367e-05 7 
7.949999417178333e-05 8 
7.939999341033399e-05 9 
7.310000364668667e-05 10 
8.05000017862767e-05 14 
8.080000407062471e-05 16 
0.00010230002226307988 20 
0.00010239999392069876 23 
0.0001416000013705343 27 
0.00020280000171624124 36 
0.00025499999173916876 50 
0.0008349000127054751 100 
0.0019255999941378832 130 
0.0017874999903142452 150 
0.00462560000596568 210 
0.006721800018567592 270 
0.010312400001566857 350 
0.01518360001500696 420 
0.023952299990924075 500 
0.032649199973093346 560 
0.051788600016152486 700 
0.12554479998652823 1000 
0.3367199000203982 1500 
1.0744684000092093 2250 
2.590429599978961 3000 
0.0030189999961294234 1 
9.879999561235309e-05 2 
8.170001092366874e-05 3 
7.410001126118004e-05 4 
8.250001701526344e-05 5 
7.740000728517771e-05 6 
7.879998884163797e-05 7 
7.929999264888465e-05 8 
8.229998638853431e-05 9 
8.81000014487654e-05 10 
9.250000584870577e-05 14 
9.479999425821006e-05 16 
0.00010159998782910407 20 
0.00011079999967478216 23 
0.00016840000171214342 27 
0.00019699998665601015 36 
0.0002628999936860055 50 
0.00080750000779517 100 
0.0013042000064160675 130 
0.0017901999817695469 150 
0.004410099994856864 210 
0.006143100006738678 270 
0.010591400001430884 350 
0.01810809999005869 420 
0.026458100008312613 500 
0.034473199979402125 560 
0.054563599987886846 700 
0.12846489998628385 1000 
0.329134100000374 1500 
1.0935871000110637 2250 
2.6021775000263005 3000 
0.004189800005406141 1 
0.0001412999990861863 2 
0.00010030000703409314 3 
8.960001287050545e-05 4 
8.860000525601208e-05 5 
8.999998681247234e-05 6 
9.079999290406704e-05 7 
9.21999744605273e-05 8 
9.479999425821006e-05 9 
0.00011250001261942089 10 
0.00011179997818544507 14 
0.00011510000331327319 16 
0.00013390000094659626 20 
0.0001509999856352806 23 
0.00021210001432336867 27 
0.00027359998784959316 36 
0.00030929999775253236 50 
0.0008186999766621739 100 
0.001965500006917864 130 
0.001979099994059652 150 
0.00357810000423342 210 
0.006747100007487461 270 
0.009970400016754866 350 
0.017698100011330098 420 
0.023439800017513335 500 
0.026473000005353242 560 
0.05273049999959767 700 
0.1246437999943737 1000 
0.3266099999891594 1500 
1.076694299990777 2250 
2.592160900007002 3000 
0.004145799990510568 1 
0.00014069999451749027 2 
0.00010540001676417887 3 
0.00010129998554475605 4 
9.929999941959977e-05 5 
9.270000737160444e-05 6 
9.430001955479383e-05 7 
9.34000127017498e-05 8 
9.419998968951404e-05 9 
9.380001574754715e-05 10 
0.0001050999853760004 14 
0.00011250001261942089 16 
0.0001280000142287463 20 
0.00014750001719221473 23 
0.00016269998741336167 27 
0.0002503999858163297 36 
0.0003902000025846064 50 
0.001137399987783283 100 
0.0022678000095766038 130 
0.0024896000104490668 150 
0.005182799999602139 210 
0.007571499998448417 270 
0.012510399974416941 350 
0.016927000018768013 420 
0.022123600007034838 500 
0.027804600016679615 560 
0.051259799976833165 700 
0.12002979998942465 1000 
0.31605409999610856 1500 
1.1027019000030123 2250 
2.6076340999861713 3000 
0.0028138000052422285 1 
9.310001041740179e-05 2 
8.070000330917537e-05 3 
7.48000165913254e-05 4 
0.00011039999662898481 5 
7.389998063445091e-05 6 
7.740000728517771e-05 7 
7.559999357908964e-05 8 
7.770000956952572e-05 9 
7.939999341033399e-05 10 
8.670001989230514e-05 14 
8.249998791143298e-05 16 
9.06999921426177e-05 20 
0.00010340000153519213 23 
0.00012780001270584762 27 
0.00023999999393709004 36 
0.00030590000096708536 50 
0.0008483999990858138 100 
0.0013682999997399747 130 
0.0022348000202327967 150 
0.003556300012860447 210 
0.006810299993958324 270 
0.013549600000260398 350 
0.015137899987166747 420 
0.02274690000922419 500 
0.03538230000413023 560 
0.052009700011694804 700 
0.13799950000247918 1000 
0.3237290999968536 1500 
1.098245000001043 2250 
2.6022337000176776 3000 
0.004197700007352978 1 
0.00014019999071024358 2 
0.00011380002251826227 3 
0.0001052000152412802 4 
0.0001052000152412802 5 
0.00012700000661425292 6 
0.00012730000889860094 7 
0.00011150000500492752 8 
0.0001154000055976212 9 
0.0001230000052601099 10 
0.00013149998267181218 14 
0.00013609998859465122 16 
0.00015020000864751637 20 
0.0001768999791238457 23 
0.0001976999919861555 27 
0.0002744999947026372 36 
0.0004135000053793192 50 
0.0010432999988552183 100 
0.0015184000076260418 130 
0.0015146999794524163 150 
0.004202999989502132 210 
0.006296499981544912 270 
0.012541600008262321 350 
0.01684890000615269 420 
0.023090200003935024 500 
0.028462499991292134 560 
0.05030300002545118 700 
0.13074190000770614 1000 
0.32313629999407567 1500 
1.0930573999939952 2250 
2.6037316000147257 3000 
0.004209499980788678 1 
0.00016689999029040337 2 
8.679999154992402e-05 3 
7.489998824894428e-05 4 
5.8200006606057286e-05 5 
5.750000127591193e-05 6 
5.949998740106821e-05 7 
5.8200006606057286e-05 8 
6.04000233579427e-05 9 
6.089999806135893e-05 10 
0.00010140001541003585 14 
7.819998427294195e-05 16 
8.369999704882503e-05 20 
9.590000263415277e-05 23 
0.0001312999811489135 27 
0.00025699997786432505 36 
0.00038070001755841076 50 
0.0013772999809589237 100 
0.0012454999960027635 130 
0.0016882999916560948 150 
0.0037075000000186265 210 
0.006495700014056638 270 
0.011738500004867092 350 
0.01733629999216646 420 
0.022288200008915737 500 
0.029324799979804084 560 
0.056612599990330637 700 
0.116953899996588 1000 
0.34352389999548905 1500 
1.0853170000191312 2250 
2.6255003999976907 3000 
0.0028043999918736517 1 
8.450000314041972e-05 2 
7.460001506842673e-05 3 
6.379999103955925e-05 4 
5.940001574344933e-05 5 
5.85000088904053e-05 6 
5.85000088904053e-05 7 
5.740000051446259e-05 8 
7.450001430697739e-05 9 
6.809999467805028e-05 10 
7.6299998909235e-05 14 
8.779999916441739e-05 16 
8.830000297166407e-05 20 
0.00019719998817890882 23 
0.00020519999088719487 27 
0.0001858999894466251 36 
0.00028700000257231295 50 
0.0009612999856472015 100 
0.0013057000178378075 130 
0.0016439000028185546 150 
0.003961200010962784 210 
0.006845900003099814 270 
0.01054299998213537 350 
0.014987600006861612 420 
0.022076599998399615 500 
0.03214610001305118 560 
0.04978370000026189 700 
0.12216490000719205 1000 
0.33534879999933764 1500 
1.0961839999945369 2250 
2.596235600009095 3000 
0.002990899985888973 1 
9.370001498609781e-05 2 
8.180001168511808e-05 3 
7.339997682720423e-05 4 
9.200000204145908e-05 5 
7.799998275004327e-05 6 
7.929999264888465e-05 7 
8.05000017862767e-05 8 
8.24000162538141e-05 9 
8.38999985717237e-05 10 
9.429999045096338e-05 14 
0.00016090000281110406 16 
0.0001568000006955117 20 
0.00017579999985173345 23 
0.00019419999443925917 27 
0.000285100017208606 36 
0.0003904000041075051 50 
0.00109200002043508 100 
0.0017578999977558851 130 
0.0028122000221628696 150 
0.004002600006060675 210 
0.0070328000001609325 270 
0.01281730001210235 350 
0.01455089999944903 420 
0.028660999989369884 500 
0.02749840001342818 560 
0.05040459998417646 700 
0.12200689999735914 1000 
0.34130040000309236 1500 
1.0874016000016127 2250 
2.5956063000194263 3000 
