9.880002471618354e-05 1 
4.770001396536827e-05 2 
4.1399995097890496e-05 3 
3.779999678954482e-05 4 
3.700001980178058e-05 5 
3.679998917505145e-05 6 
3.649998689070344e-05 7 
3.589998232200742e-05 8 
3.6900019040331244e-05 9 
3.700001980178058e-05 10 
5.900001269765198e-05 14 
6.500000017695129e-05 16 
8.490000618621707e-05 20 
6.33999879937619e-05 23 
6.970000686123967e-05 27 
0.00033870001789182425 36 
0.0004944000102113932 50 
0.0007895000162534416 100 
0.0006327000155579299 130 
0.0005546000029426068 150 
0.0009654000168666244 210 
0.0015300999803002924 270 
0.0025397999852430075 350 
0.003492899995762855 420 
0.006308199983322993 500 
0.006631299998844042 560 
0.012114199984353036 700 
0.046065100003033876 1000 
0.1866065000067465 1500 
0.21664190001320094 2250 
0.5373516000108793 3000 
0.008680799975991249 1 
0.00012370001059025526 2 
0.00016689999029040337 3 
7.920002099126577e-05 4 
7.789998198859394e-05 5 
7.51999905332923e-05 6 
8.300002082251012e-05 7 
7.819998427294195e-05 8 
6.630001007579267e-05 9 
6.78999931551516e-05 10 
7.169999298639596e-05 14 
8.549998165108263e-05 16 
0.00013619998935610056 20 
0.00012169999536126852 23 
0.00012240000069141388 27 
0.00026179998531006277 36 
0.000381199992261827 50 
0.0004946000117342919 100 
0.0006235000037122518 130 
0.0006488999933935702 150 
0.000969300017459318 210 
0.0015999999886844307 270 
0.0020815000170841813 350 
0.0038049000140745193 420 
0.005681000009644777 500 
0.006464100006269291 560 
0.011433800013037398 700 
0.020601299998816103 1000 
0.06155879999278113 1500 
0.19597760000033304 2250 
0.42771089999587275 3000 
0.007613199995830655 1 
0.00045610000961460173 2 
6.729998858645558e-05 3 
5.7600002037361264e-05 4 
5.690002581104636e-05 5 
5.5199983762577176e-05 6 
7.619999814778566e-05 7 
5.490001058205962e-05 8 
4.2400002712383866e-05 9 
3.999998443759978e-05 10 
4.119999357499182e-05 14 
6.739998934790492e-05 16 
0.0007282999868039042 20 
0.0001595000212546438 23 
0.0001579000090714544 27 
0.0003611999854911119 36 
0.000455000001238659 50 
0.0003829000052064657 100 
0.0005410999874584377 130 
0.0006293999904301018 150 
0.0009396999957971275 210 
0.0018463000014889985 270 
0.002162699995096773 350 
0.003416899999137968 420 
0.006234300002688542 500 
0.006117299984907731 560 
0.011093000008258969 700 
0.02205649999086745 1000 
0.0618982000160031 1500 
0.1991029999917373 2250 
0.4277371999924071 3000 
0.006220700015546754 1 
9.769998723641038e-05 2 
5.9299985878169537e-05 3 
5.2000017603859305e-05 4 
4.830001853406429e-05 5 
4.740001168102026e-05 6 
4.840001929551363e-05 7 
4.7600013203918934e-05 8 
4.710000939667225e-05 9 
4.7900015488266945e-05 10 
9.330001194030046e-05 14 
8.930001058615744e-05 16 
0.0001086000120267272 20 
0.0001984999980777502 23 
0.0008506999874953181 27 
0.0002556999970693141 36 
0.0003017000271938741 50 
0.0007548999856226146 100 
0.000807800010079518 130 
0.0007132999890018255 150 
0.000975500006461516 210 
0.0013815999845974147 270 
0.0021936999983154237 350 
0.00373359999503009 420 
0.006546999997226521 500 
0.006078300008084625 560 
0.012289500009501353 700 
0.020202200015773997 1000 
0.06624680000822991 1500 
0.19662040000548586 2250 
0.4757979999994859 3000 
0.005617899994831532 1 
7.520001963712275e-05 2 
4.640000406652689e-05 3 
4.490002174861729e-05 4 
4.4899992644786835e-05 5 
4.149999585933983e-05 6 
0.00015979999443516135 7 
5.3800002206116915e-05 8 
4.199999966658652e-05 9 
3.9000005926936865e-05 10 
3.940000897273421e-05 14 
6.670001312159002e-05 16 
0.00016230001347139478 20 
0.0001647999742999673 23 
0.0001626000157557428 27 
0.00025599999935366213 36 
0.0002693000133149326 50 
0.000812100013718009 100 
0.0008182000019587576 130 
0.0006170000124257058 150 
0.001120400003856048 210 
0.001501899998402223 270 
0.0021143000049050897 350 
0.003326800011564046 420 
0.005758600018452853 500 
0.0066433000029064715 560 
0.01143790001515299 700 
0.019738300004974008 1000 
0.06422259999089874 1500 
0.19780609998269938 2250 
0.43468760000541806 3000 
0.008733700000448152 1 
0.0001235000090673566 2 
9.090002276934683e-05 3 
6.910000229254365e-05 4 
6.760001997463405e-05 5 
7.170002209022641e-05 6 
4.740001168102026e-05 7 
5.259999306872487e-05 8 
7.559999357908964e-05 9 
5.119998240843415e-05 10 
5.3499999921768904e-05 14 
6.75999908708036e-05 16 
8.210001396946609e-05 20 
7.48000165913254e-05 23 
8.250001701526344e-05 27 
0.00017079999088309705 36 
0.0002179000002797693 50 
0.0004659999976865947 100 
0.0005736000020988286 130 
0.0005838999932166189 150 
0.0009849999914877117 210 
0.0014315999869722873 270 
0.002155900001525879 350 
0.0036054999800398946 420 
0.005747700022766367 500 
0.0061713000177405775 560 
0.026422599999932572 700 
0.02197060000617057 1000 
0.06065549998311326 1500 
0.1968226000026334 2250 
0.426228500000434 3000 
0.005754999991040677 1 
8.080000407062471e-05 2 
4.529999569058418e-05 3 
3.91000066883862e-05 4 
3.789999755099416e-05 5 
3.7699996028095484e-05 6 
3.7699996028095484e-05 7 
3.730002208612859e-05 8 
3.959998139180243e-05 9 
3.549997927621007e-05 10 
3.630001447163522e-05 14 
6.540000322274864e-05 16 
0.0003546999942045659 20 
0.00011530000483617187 23 
0.0009673000022303313 27 
0.00018610002007335424 36 
0.00025079998886212707 50 
0.000380899989977479 100 
0.0005652999971061945 130 
0.000606999994488433 150 
0.001119799999287352 210 
0.001491100003477186 270 
0.0020967999880667776 350 
0.003318599978229031 420 
0.005537700024433434 500 
0.006307300005573779 560 
0.011435799999162555 700 
0.02002840000204742 1000 
0.06626140000298619 1500 
0.1889118000108283 2250 
0.43222320001223125 3000 
0.006616200000280514 1 
8.129997877404094e-05 2 
5.390000296756625e-05 3 
4.4899992644786835e-05 4 
4.509999416768551e-05 5 
4.3899985030293465e-05 6 
4.5900000259280205e-05 7 
4.579999949783087e-05 8 
4.569999873638153e-05 9 
4.449998959898949e-05 10 
4.630000330507755e-05 14 
6.140000186860561e-05 16 
7.930002175271511e-05 20 
7.219999679364264e-05 23 
7.700000423938036e-05 27 
0.00016909997793845832 36 
0.00022839999292045832 50 
0.0003957000153604895 100 
0.0005964000010862947 130 
0.0006328999879769981 150 
0.000954500021180138 210 
0.0014512999914586544 270 
0.00226540002040565 350 
0.003314500005217269 420 
0.006519199989270419 500 
0.006564400013303384 560 
0.011068299994803965 700 
0.020753699995111674 1000 
0.06399409999721684 1500 
0.1949769000057131 2250 
0.4247860000177752 3000 
0.0082719000056386 1 
0.00011369999265298247 2 
5.740000051446259e-05 3 
5.289999535307288e-05 4 
5.5500015150755644e-05 5 
5.020000389777124e-05 6 
5.2099989261478186e-05 7 
5.299999611452222e-05 8 
5.339999916031957e-05 9 
5.260002217255533e-05 10 
0.0007647000020369887 14 
8.890000754036009e-05 16 
0.00011550000635907054 20 
0.00010110001312568784 23 
0.00011300001642666757 27 
0.00020939999376423657 36 
0.00020689997472800314 50 
0.0004093999741598964 100 
0.00053779999143444 130 
0.0006500000017695129 150 
0.0010195000213570893 210 
0.0014529000036418438 270 
0.0020400999928824604 350 
0.0033807999861892313 420 
0.005840099998749793 500 
0.00653829998918809 560 
0.011164600000483915 700 
0.021255500003462657 1000 
0.06523269999888726 1500 
0.19564660001196899 2250 
0.42596960000810213 3000 
0.005248100002063438 1 
6.980000762268901e-05 2 
4.7999987145885825e-05 3 
4.67000063508749e-05 4 
7.460001506842673e-05 5 
4.8299989430233836e-05 6 
4.939999780617654e-05 7 
5.1700015319511294e-05 8 
4.909999552182853e-05 9 
4.9700000090524554e-05 10 
5.2799994591623545e-05 14 
6.319998647086322e-05 16 
0.00015769997844472528 20 
6.479999865405262e-05 23 
0.00015639999764971435 27 
0.00037399999564513564 36 
0.0002125999890267849 50 
0.00041220002458430827 100 
0.0005762000218965113 130 
0.0006236000044737011 150 
0.0010225999867543578 210 
0.0015337000077124685 270 
0.0020837000047322363 350 
0.0031476999865844846 420 
0.005936200002906844 500 
0.006397899996954948 560 
0.020050899998750538 700 
0.0193260999803897 1000 
0.06146619998617098 1500 
0.19274769999901764 2250 
0.4364149000030011 3000 
