0.0001723000023048371 1 
8.230001549236476e-05 2 
7.199999527074397e-05 3 
6.970000686123967e-05 4 
7.109998841769993e-05 5 
7.660000119358301e-05 6 
8.070000330917537e-05 7 
7.179999374784529e-05 8 
7.079998613335192e-05 9 
7.089998689480126e-05 10 
7.459998596459627e-05 14 
7.559999357908964e-05 16 
8.420000085607171e-05 20 
8.530000923201442e-05 23 
8.969998452812433e-05 27 
0.00010219999239780009 36 
0.00012159999459981918 50 
0.0003802000137511641 100 
0.00044319999869912863 130 
0.00048469999455846846 150 
0.0006289000157266855 210 
0.0007030999986454844 270 
0.0011090999760199338 350 
0.002140299999155104 420 
0.004621499974746257 500 
0.004587099974742159 560 
0.00905259998398833 700 
0.017169300001114607 1000 
0.0663166000158526 1500 
0.20801509998273104 2250 
0.3937401000002865 3000 
0.00011970000923611224 1 
5.1499984692782164e-05 2 
4.4199987314641476e-05 3 
4.2100000428035855e-05 4 
4.119999357499182e-05 5 
8.560001151636243e-05 6 
8.040000102482736e-05 7 
7.040001219138503e-05 8 
6.980000762268901e-05 9 
6.920000305399299e-05 10 
7.399998139590025e-05 14 
7.419998291879892e-05 16 
8.6499989265576e-05 20 
8.519997936673462e-05 23 
8.759999764151871e-05 27 
0.00010370000381954014 36 
0.00012089998926967382 50 
0.0001446999958716333 100 
0.0003806000167969614 130 
0.00044960001832805574 150 
0.0007569000008516014 210 
0.0010599999804981053 270 
0.001682899979641661 350 
0.0022487999813165516 420 
0.00324620000901632 500 
0.0057440999953541905 560 
0.0071530000132042915 700 
0.018276499991770834 1000 
0.05193869999493472 1500 
0.1604622000013478 2250 
0.336927199998172 3000 
0.00015589999384246767 1 
5.800000508315861e-05 2 
4.710000939667225e-05 3 
4.529999569058418e-05 4 
4.460001946426928e-05 5 
4.4599990360438824e-05 6 
4.429998807609081e-05 7 
4.429998807609081e-05 8 
7.650000043213367e-05 9 
4.990000161342323e-05 10 
4.830001853406429e-05 14 
4.350001108832657e-05 16 
7.929999264888465e-05 20 
5.0700007705017924e-05 23 
5.040000542066991e-05 27 
5.909998435527086e-05 36 
0.00012749998131766915 50 
0.00024389999452978373 100 
0.0002801000082399696 130 
0.0002677000011317432 150 
0.0006711999885737896 210 
0.0010188999876845628 270 
0.0015383999852929264 350 
0.002242099988507107 420 
0.0029417000187095255 500 
0.005905899975914508 560 
0.008150500012561679 700 
0.019489999976940453 1000 
0.05916969999088906 1500 
0.14995329998782836 2250 
0.3141610999882687 3000 
0.0001666000171098858 1 
7.720000576227903e-05 2 
7.48000165913254e-05 3 
6.999998004175723e-05 4 
6.689998554065824e-05 5 
6.910000229254365e-05 6 
6.620000931434333e-05 7 
8.260001777671278e-05 8 
6.920000305399299e-05 9 
6.920000305399299e-05 10 
7.320000440813601e-05 14 
7.429998368024826e-05 16 
8.229998638853431e-05 20 
8.430000161752105e-05 23 
8.6499989265576e-05 27 
0.00010429997928440571 36 
0.0001742000167723745 50 
0.00021920001017861068 100 
0.00037120000342838466 130 
0.00028830001247115433 150 
0.0006426000036299229 210 
0.0009724999836180359 270 
0.0009982999763451517 350 
0.004052100004628301 420 
0.0039320000214502215 500 
0.00501530000474304 560 
0.009902100020553917 700 
0.01738519998616539 1000 
0.04866919998312369 1500 
0.15936879999935627 2250 
0.3263906000065617 3000 
0.00011839999933727086 1 
4.75000124424696e-05 2 
4.049998824484646e-05 3 
3.8700003642588854e-05 4 
3.7999998312443495e-05 5 
3.800002741627395e-05 6 
3.7999998312443495e-05 7 
3.7999998312443495e-05 8 
5.870001041330397e-05 9 
4.129999433644116e-05 10 
4.230000195093453e-05 14 
4.199999966658652e-05 16 
8.070000330917537e-05 20 
9.799998952075839e-05 23 
8.699999307282269e-05 27 
0.00010109998402185738 36 
0.00011709998943842947 50 
0.00016269998741336167 100 
0.00046640000073239207 130 
0.0004372999828774482 150 
0.00045560000580735505 210 
0.0006668000132776797 270 
0.0012280000082682818 350 
0.0023535999935120344 420 
0.004067100002430379 500 
0.0062078999762889 560 
0.006660100014414638 700 
0.020026300015160814 1000 
0.05060889999731444 1500 
0.16882340001757257 2250 
0.31906700000399724 3000 
0.00011239998275414109 1 
4.639997496269643e-05 2 
3.969998215325177e-05 3 
4.1799998143687844e-05 4 
5.1799986977130175e-05 5 
4.569999873638153e-05 6 
4.530002479441464e-05 7 
4.4899992644786835e-05 8 
4.569999873638153e-05 9 
8.830000297166407e-05 10 
7.719997665844858e-05 14 
7.979999645613134e-05 16 
7.850001566112041e-05 20 
7.929999264888465e-05 23 
8.150000940077007e-05 27 
0.00012539999443106353 36 
0.00012310000602155924 50 
0.00014699998428113759 100 
0.00030819998937658966 130 
0.0003930999955628067 150 
0.0008313000143971294 210 
0.0009458999847993255 270 
0.0011389999999664724 350 
0.002210300008300692 420 
0.004458199982764199 500 
0.00629089999711141 560 
0.009366299986140803 700 
0.01970229999278672 1000 
0.058254500007024035 1500 
0.1602075999835506 2250 
0.310874100017827 3000 
0.00011789999553002417 1 
4.5900000259280205e-05 2 
3.91000066883862e-05 3 
3.7200021324679255e-05 4 
3.649998689070344e-05 5 
3.679998917505145e-05 6 
8.72999953571707e-05 7 
8.909997995942831e-05 8 
7.589999586343765e-05 9 
6.80000230204314e-05 10 
7.009998080320656e-05 14 
6.649998249486089e-05 16 
7.389998063445091e-05 20 
7.809998351149261e-05 23 
8.05000017862767e-05 27 
9.34000127017498e-05 36 
0.00010989999282173812 50 
0.000145800004247576 100 
0.00022760001593269408 130 
0.0004084999964106828 150 
0.0006488999933935702 210 
0.001067299977876246 270 
0.0017572000215295702 350 
0.00319429999217391 420 
0.004545299976598471 500 
0.006004700000630692 560 
0.008887900010449812 700 
0.023070499999448657 1000 
0.05523110000649467 1500 
0.16900960000930354 2250 
0.36306010000407696 3000 
0.00010609999299049377 1 
4.710000939667225e-05 2 
4.169999738223851e-05 3 
5.370000144466758e-05 4 
3.689998993650079e-05 5 
3.5200006095692515e-05 6 
3.4199998481199145e-05 7 
3.3899996196851134e-05 8 
3.399999695830047e-05 9 
3.369999467395246e-05 10 
3.6500015994533896e-05 14 
3.709999145939946e-05 16 
4.1099992813542485e-05 20 
4.270000499673188e-05 23 
4.3899985030293465e-05 27 
0.00013350002700462937 36 
9.039998985826969e-05 50 
0.00023809997946955264 100 
0.00041340000461786985 130 
0.0004298000130802393 150 
0.0004668000037781894 210 
0.0006357000092975795 270 
0.0011266999936196953 350 
0.003367400000570342 420 
0.004743500001495704 500 
0.005800700018880889 560 
0.0067236000031698495 700 
0.025502200005576015 1000 
0.04783759999554604 1500 
0.16312949999701232 2250 
0.3319661999994423 3000 
0.0001196000084746629 1 
5.269999383017421e-05 2 
5.539998528547585e-05 3 
4.810001701116562e-05 4 
4.7299981815740466e-05 5 
4.630000330507755e-05 6 
4.630000330507755e-05 7 
4.610000178217888e-05 8 
4.640000406652689e-05 9 
4.6900007873773575e-05 10 
4.9299997044727206e-05 14 
4.400001489557326e-05 16 
4.889999399892986e-05 20 
5.050000618211925e-05 23 
5.199998850002885e-05 27 
6.220000796020031e-05 36 
8.599998545832932e-05 50 
0.0003315999929327518 100 
0.00038059998769313097 130 
0.000381799996830523 150 
0.000606699992204085 210 
0.0006637000187765807 270 
0.0015542999899480492 350 
0.0033122000168077648 420 
0.0031974999874364585 500 
0.00614720000885427 560 
0.009179800021229312 700 
0.019012900011148304 1000 
0.059456099988892674 1500 
0.1626209999958519 2250 
0.3248621000093408 3000 
0.0001112000027205795 1 
4.6600005589425564e-05 2 
3.91000066883862e-05 3 
3.71999922208488e-05 4 
3.659998765215278e-05 5 
4.980000085197389e-05 6 
3.549997927621007e-05 7 
3.5200006095692515e-05 8 
3.5200006095692515e-05 9 
3.609998384490609e-05 10 
3.819999983534217e-05 14 
3.890000516548753e-05 16 
4.300000728107989e-05 20 
4.499999340623617e-05 23 
4.6600005589425564e-05 27 
5.910001345910132e-05 36 
6.779999239370227e-05 50 
0.0001241999852936715 100 
0.000347500026691705 130 
0.000460599985672161 150 
0.0006413999944925308 210 
0.0009657999908085912 270 
0.0016242999990936369 350 
0.0031214999908115715 420 
0.004721200006315485 500 
0.0040243999974336475 560 
0.0067513999820221215 700 
0.023259999987203628 1000 
0.05403110000770539 1500 
0.15185689998907037 2250 
0.33398250001482666 3000 
