0.008536600013030693 1 
0.00015690000145696104 2 
0.0001244999875780195 3 
0.00010480001219548285 4 
0.00010179998935200274 5 
9.970000246539712e-05 6 
0.00011379999341443181 7 
0.00010060000931844115 8 
8.009999874047935e-05 9 
8.060000254772604e-05 10 
9.059999138116837e-05 14 
9.099999442696571e-05 16 
0.00010119998478330672 20 
0.00011709998943842947 23 
0.00012810001499019563 27 
0.00016589998267591 36 
0.0003685999836307019 50 
0.001119799999287352 100 
0.0018601999909151345 130 
0.0021846999879926443 150 
0.004332000011345372 210 
0.00708059998578392 270 
0.012115699995774776 350 
0.017695899994578212 420 
0.024365899997064844 500 
0.03318399999989197 560 
0.05272760000661947 700 
0.13269220001529902 1000 
0.4872812999819871 1500 
1.8368300000147428 2250 
3.5436768000072334 3000 
0.005859099997906014 1 
0.0001336999994236976 2 
0.00010760000441223383 3 
8.950001210905612e-05 4 
9.610000415705144e-05 5 
9.529999806545675e-05 6 
9.750001481734216e-05 7 
0.00010129998554475605 8 
0.00010419997852295637 9 
0.00010629999451339245 10 
0.00012320000678300858 14 
0.00012400001287460327 16 
0.00014329998521134257 20 
0.00015940002049319446 23 
0.00012590002734214067 27 
0.00017970000044442713 36 
0.00031450000824406743 50 
0.0008957000100053847 100 
0.0012783000129275024 130 
0.0016503999941051006 150 
0.003715300001204014 210 
0.005601600016234443 270 
0.010165500018047169 350 
0.015079300006618723 420 
0.024286800005938858 500 
0.030697700014570728 560 
0.05845520002185367 700 
0.13415639998856932 1000 
0.43829079999704845 1500 
1.5136627999891061 2250 
3.63001069999882 3000 
0.006440199998905882 1 
0.00010839998139999807 2 
9.700001101009548e-05 3 
7.009998080320656e-05 4 
7.310000364668667e-05 5 
7.379997987300158e-05 6 
7.51999905332923e-05 7 
7.730000652372837e-05 8 
7.88999896030873e-05 9 
8.190001244656742e-05 10 
9.159999899566174e-05 14 
9.780001710169017e-05 16 
0.00014239997835829854 20 
0.00017839999054558575 23 
0.00018200001795776188 27 
0.00016419999883510172 36 
0.0002941999991890043 50 
0.0008417000062763691 100 
0.001446899987058714 130 
0.0017016000056173652 150 
0.0033998999861069024 210 
0.005506699992110953 270 
0.01184690001537092 350 
0.015143999975407496 420 
0.02290400001220405 500 
0.030674399982672185 560 
0.05921199999283999 700 
0.14243330000317656 1000 
0.4426984000019729 1500 
1.5127623000007588 2250 
3.529774599999655 3000 
0.008469299995340407 1 
0.00015499998698942363 2 
9.350001346319914e-05 3 
7.950002327561378e-05 4 
8.080000407062471e-05 5 
8.150000940077007e-05 6 
8.440000237897038e-05 7 
8.469997555948794e-05 8 
8.839997462928295e-05 9 
0.00010450000991113484 10 
0.00012589999823831022 14 
0.00012309997691772878 16 
0.00012779998360201716 20 
0.00011860000086016953 23 
0.0001370000245515257 27 
0.0001784999913070351 36 
0.00031140001374296844 50 
0.000808400014648214 100 
0.0014075000071898103 130 
0.001883000019006431 150 
0.0037848999781999737 210 
0.006502000003820285 270 
0.0095593000005465 350 
0.014599299989640713 420 
0.02514879999216646 500 
0.02795069999410771 560 
0.05685920000541955 700 
0.13752309998380952 1000 
0.4079067000129726 1500 
1.5091347999987192 2250 
3.5901112999999896 3000 
0.005733199999667704 1 
0.00010209999163635075 2 
7.589999586343765e-05 3 
7.070001447573304e-05 4 
7.380000897683203e-05 5 
7.799998275004327e-05 6 
7.609999738633633e-05 7 
7.709997589699924e-05 8 
7.979999645613134e-05 9 
8.239998714998364e-05 10 
9.289997979067266e-05 14 
9.429999045096338e-05 16 
0.00010930001735687256 20 
0.00011669998639263213 23 
0.00014879999798722565 27 
0.00015799998072907329 36 
0.00028450001263991 50 
0.0008907000010367483 100 
0.001431400014553219 130 
0.001670800003921613 150 
0.003609299979871139 210 
0.005714200000511482 270 
0.010752800008049235 350 
0.015212600002996624 420 
0.024591299996245652 500 
0.028545399982249364 560 
0.053342900006100535 700 
0.14475340000353754 1000 
0.4417935000092257 1500 
1.474636200000532 2250 
3.5509690000035334 3000 
0.009094799985177815 1 
0.0001584000128787011 2 
0.00012020001304335892 3 
9.650000720284879e-05 4 
9.880002471618354e-05 5 
9.620000491850078e-05 6 
9.710001177154481e-05 7 
0.0001005999802146107 8 
0.00010539998766034842 9 
0.00011110000195913017 10 
0.00012779998360201716 14 
0.00015499998698942363 16 
0.00016259998665191233 20 
0.0001756999990902841 23 
0.00019339998834766448 27 
0.000222100003156811 36 
0.00038350000977516174 50 
0.0008517999958712608 100 
0.001716300001135096 130 
0.0019893999851774424 150 
0.004723599995486438 210 
0.005634100001771003 270 
0.010286100005032495 350 
0.017787299992050976 420 
0.023980800004210323 500 
0.03241449999040924 560 
0.05357680001179688 700 
0.14482169999973848 1000 
0.45147300002281554 1500 
1.4914838999975473 2250 
3.5575697000022046 3000 
0.008303900016471744 1 
0.00010740000288933516 2 
8.019999950192869e-05 3 
9.919999865815043e-05 4 
8.3099992480129e-05 5 
0.00010460001067258418 6 
9.99000039882958e-05 7 
9.889999637380242e-05 8 
9.549999958835542e-05 9 
9.600000339560211e-05 10 
0.00012660000356845558 14 
8.689999231137335e-05 16 
9.800001862458885e-05 20 
0.00010660002590157092 23 
0.00011939997784793377 27 
0.00015330000314861536 36 
0.0002761000068858266 50 
0.0008047999872360379 100 
0.0014088999887462705 130 
0.0019197000074200332 150 
0.0033912000071723014 210 
0.00640939999721013 270 
0.010570899990852922 350 
0.017071999987820163 420 
0.02076600000145845 500 
0.030249200004618615 560 
0.05552500000339933 700 
0.13760250000632368 1000 
0.4133966000226792 1500 
1.5155445999989752 2250 
3.541018600022653 3000 
0.008768700005020946 1 
0.00014789999113418162 2 
0.00010930001735687256 3 
9.210000280290842e-05 4 
0.00011160000576637685 5 
9.629997657611966e-05 6 
0.00010080001084133983 7 
0.0001005999802146107 8 
0.00010229999315924942 9 
8.900000830180943e-05 10 
9.899999713525176e-05 14 
0.00010030000703409314 16 
0.00013420000323094428 20 
0.0001542000100016594 23 
0.00017859999206848443 27 
0.0002580000145826489 36 
0.00038079998921602964 50 
0.0009200999920722097 100 
0.001959999994141981 130 
0.0021995999850332737 150 
0.003626799996709451 210 
0.005455499980598688 270 
0.012835000001359731 350 
0.01569900001049973 420 
0.020686999981990084 500 
0.027404899999964982 560 
0.05403560001286678 700 
0.14656890000333078 1000 
0.43784639998921193 1500 
1.5271244999894407 2250 
3.596841000020504 3000 
0.006296600011410192 1 
9.980000322684646e-05 2 
7.6299998909235e-05 3 
7.009998080320656e-05 4 
7.35999783501029e-05 5 
7.409998215734959e-05 6 
7.589999586343765e-05 7 
7.650000043213367e-05 8 
7.959999493323267e-05 9 
8.209998486563563e-05 10 
9.320001117885113e-05 14 
8.980001439340413e-05 16 
0.00015700000221841037 20 
0.000159099989105016 23 
0.0001810999820008874 27 
0.00022399998852051795 36 
0.0003809999907389283 50 
0.00104010000359267 100 
0.0017894000047817826 130 
0.0021385999862104654 150 
0.003442700020968914 210 
0.0060947000165469944 270 
0.010836900008143857 350 
0.017593800002941862 420 
0.020002100005513057 500 
0.027300899993861094 560 
0.06370389999938197 700 
0.13637259998358786 1000 
0.43376899999566376 1500 
1.5423383000015747 2250 
3.6221229000075255 3000 
0.006060900021111593 1 
0.00010830000974237919 2 
6.769999163225293e-05 3 
5.6199991377070546e-05 4 
5.160001455806196e-05 5 
5.089998012408614e-05 6 
5.339999916031957e-05 7 
5.219999002292752e-05 8 
7.71000050008297e-05 9 
6.670001312159002e-05 10 
7.429998368024826e-05 14 
7.690000347793102e-05 16 
8.720002369955182e-05 20 
0.00018859998090192676 23 
0.00012589999823831022 27 
0.00016769999638199806 36 
0.00032289998489432037 50 
0.0010753999813459814 100 
0.0014133999939076602 130 
0.0017792000144254416 150 
0.003411900019273162 210 
0.006281499983742833 270 
0.011497100000269711 350 
0.01535080000758171 420 
0.022595200018258765 500 
0.030555800010915846 560 
0.05336170000373386 700 
0.14282330000423826 1000 
0.4341689999855589 1500 
1.508654099976411 2250 
3.573500400001649 3000 
