0.008189000014681369 1 
0.00014150000060908496 2 
0.00010179998935200274 3 
9.630000567995012e-05 4 
9.90999978967011e-05 5 
0.00012969999806955457 6 
0.00010149998706765473 7 
9.960000170394778e-05 8 
0.00012589999823831022 9 
0.00010730000212788582 10 
0.00020899999071843922 14 
0.00017129999469034374 16 
0.00017220000154338777 20 
0.00019150000298395753 23 
0.000221800000872463 27 
0.0002663999912329018 36 
0.0006012999801896513 50 
0.0015292000025510788 100 
0.0020531999762170017 130 
0.0026744999922811985 150 
0.004828700009966269 210 
0.006740499986335635 270 
0.012446699984138831 350 
0.01621739999973215 420 
0.02151120000053197 500 
0.02918300000601448 560 
0.07219330000225455 700 
0.16968739998992532 1000 
0.801507500000298 1500 
1.8158604000054765 2250 
4.013142400013749 3000 
0.00841539999237284 1 
0.00014600000577047467 2 
9.90999978967011e-05 3 
8.940001134760678e-05 4 
9.279997902922332e-05 5 
0.00010809997911565006 6 
9.779998799785972e-05 7 
0.0001033000007737428 8 
0.0001024999946821481 9 
0.00010859998292289674 10 
0.00012310000602155924 14 
0.00013259999104775488 16 
0.00015079998411238194 20 
0.00016830000095069408 23 
0.00018409997574053705 27 
0.00023360000341199338 36 
0.00040530000114813447 50 
0.001265600003534928 100 
0.0018686999974306673 130 
0.002156899980036542 150 
0.004465300007723272 210 
0.007142599992221221 270 
0.010087400005431846 350 
0.015138100017793477 420 
0.019879500003298745 500 
0.029881900001782924 560 
0.05637650002609007 700 
0.13614839999354444 1000 
0.4584337999986019 1500 
1.5261503999936394 2250 
3.895221599988872 3000 
0.008628599985968322 1 
0.0001142999972216785 2 
0.00011289998656138778 3 
9.499999578110874e-05 4 
0.0001044000091496855 5 
0.00010429997928440571 6 
0.00010770000517368317 7 
0.0001173000200651586 8 
0.00011940000695176423 9 
0.00011590000940486789 10 
9.509999654255807e-05 14 
0.00012620000052265823 16 
0.00011180000728927553 20 
0.00012119999155402184 23 
0.00019099999917671084 27 
0.00023410000721924007 36 
0.00038919999497011304 50 
0.0013169999874662608 100 
0.0013858000165782869 130 
0.0020025999983772635 150 
0.004874299978837371 210 
0.006843400013167411 270 
0.01250320000690408 350 
0.019021999993128702 420 
0.023073799995472655 500 
0.0338534000038635 560 
0.06065970001509413 700 
0.1428674999915529 1000 
0.43434970002272166 1500 
1.554235299990978 2250 
3.554503499995917 3000 
0.005731600016588345 1 
0.00014280001050792634 2 
0.00010910001583397388 3 
8.92000098247081e-05 4 
9.339998359791934e-05 5 
9.369998588226736e-05 6 
9.449999197386205e-05 7 
9.429999045096338e-05 8 
0.0001503000094089657 9 
0.0001260999997612089 10 
0.00012839998817071319 14 
8.940001134760678e-05 16 
9.779998799785972e-05 20 
0.00010790000669658184 23 
0.00014640000881627202 27 
0.00018649999401532114 36 
0.0002935999946203083 50 
0.001035499997669831 100 
0.0014697000151500106 130 
0.002213100000517443 150 
0.004417599993757904 210 
0.005999600020004436 270 
0.011151499988045543 350 
0.018993700010469183 420 
0.02146970000467263 500 
0.03020269999979064 560 
0.05766689998563379 700 
0.14071330000297166 1000 
0.43963319997419603 1500 
1.5207168000051752 2250 
3.5817814999900293 3000 
0.0058960999886039644 1 
0.00015669999993406236 2 
0.0001221999991685152 3 
9.839999256655574e-05 4 
9.469999349676073e-05 5 
0.00011409999569877982 6 
0.00011140000424347818 7 
0.00010609999299049377 8 
9.48999950196594e-05 9 
9.419998968951404e-05 10 
0.00011130000348202884 14 
0.00011079999967478216 16 
0.00013309999485500157 20 
0.00014680001186206937 23 
0.0001550000160932541 27 
0.00017229997320100665 36 
0.0003586999955587089 50 
0.0009436999971512705 100 
0.001423100009560585 130 
0.0016827999788802117 150 
0.0035490000154823065 210 
0.005397300003096461 270 
0.011924199992790818 350 
0.014601000002585351 420 
0.02454569999827072 500 
0.02773729999898933 560 
0.05060740001499653 700 
0.15207280000322498 1000 
0.4207391999952961 1500 
1.5077676000073552 2250 
3.5684703000006266 3000 
0.006703999999444932 1 
9.6399977337569e-05 2 
5.759997293353081e-05 3 
4.789998638443649e-05 4 
0.00010689999908208847 5 
8.589998469687998e-05 6 
8.180001168511808e-05 7 
8.450000314041972e-05 8 
9.789998875930905e-05 9 
0.00010629999451339245 10 
8.230001549236476e-05 14 
9.220000356435776e-05 16 
0.00012959999730810523 20 
0.00015669999993406236 23 
0.00016820000018924475 27 
0.00023410000721924007 36 
0.00035719998413696885 50 
0.0008339000050909817 100 
0.001446299982490018 130 
0.0017979999829549342 150 
0.0038278999854810536 210 
0.005155199993168935 270 
0.012405699992086738 350 
0.01788600001600571 420 
0.019990800006780773 500 
0.03287369999452494 560 
0.06043920002412051 700 
0.1456486999813933 1000 
0.43370240001240745 1500 
1.5114548999990802 2250 
3.53094900000724 3000 
0.008397900004638359 1 
9.960000170394778e-05 2 
9.159999899566174e-05 3 
0.00010000000474974513 4 
0.00011129997437819839 5 
9.359998512081802e-05 6 
9.359998512081802e-05 7 
8.930001058615744e-05 8 
8.979998528957367e-05 9 
9.320001117885113e-05 10 
0.0003420999855734408 14 
0.00012340000830590725 16 
0.00013380000018514693 20 
0.00016220001270994544 23 
0.00017320000915788114 27 
0.000222400005441159 36 
0.0003789000038523227 50 
0.0010498999909032136 100 
0.0016505000239703804 130 
0.0019011000113096088 150 
0.0048949000192806125 210 
0.006440800003474578 270 
0.011081400007242337 350 
0.015052700007800013 420 
0.022971900005359203 500 
0.0345448000007309 560 
0.054209599999012426 700 
0.13671940000494942 1000 
0.44395900002564304 1500 
1.5139424000226427 2250 
3.5336542000004556 3000 
0.005884800018975511 1 
0.00010209999163635075 2 
7.660000119358301e-05 3 
7.009998080320656e-05 4 
7.380000897683203e-05 5 
7.430001278407872e-05 6 
7.639999967068434e-05 7 
8.040000102482736e-05 8 
7.929999264888465e-05 9 
8.16000101622194e-05 10 
9.350001346319914e-05 14 
9.469999349676073e-05 16 
0.00010779997683130205 20 
0.00011589998030103743 23 
0.00017109999316744506 27 
0.00017479999223724008 36 
0.0005160000000614673 50 
0.0008665999921504408 100 
0.0017500999965704978 130 
0.0019279999833088368 150 
0.0040376999822910875 210 
0.006290800025453791 270 
0.010697899997467175 350 
0.014982900000177324 420 
0.02370730001712218 500 
0.028694800013909116 560 
0.059703700011596084 700 
0.1444597999798134 1000 
0.4312599999830127 1500 
1.5079129000077955 2250 
3.582952099997783 3000 
0.006598800013307482 1 
0.00015269999857991934 2 
0.00012730000889860094 3 
8.759999764151871e-05 4 
8.449997403658926e-05 5 
8.560001151636243e-05 6 
8.369999704882503e-05 7 
8.460000390186906e-05 8 
0.00010420000762678683 9 
9.560000034980476e-05 10 
0.00013120000949129462 14 
0.00012420001439750195 16 
0.00011679998715408146 20 
0.000135600013891235 23 
0.000159399991389364 27 
0.00018950001685880125 36 
0.0004146999854128808 50 
0.001066600001649931 100 
0.0018430999771226197 130 
0.0021976999996695668 150 
0.004390300018712878 210 
0.0071943999791983515 270 
0.010141400009160861 350 
0.015189600002486259 420 
0.020143100002314895 500 
0.02747770000132732 560 
0.05753620000905357 700 
0.136925800004974 1000 
0.4310962999879848 1500 
1.5136002999788616 2250 
3.5089854999969248 3000 
0.005651000014040619 1 
9.940000018104911e-05 2 
7.700000423938036e-05 3 
7.049998384900391e-05 4 
7.380000897683203e-05 5 
7.609999738633633e-05 6 
7.559999357908964e-05 7 
7.670000195503235e-05 8 
7.919999188743532e-05 9 
8.13000078778714e-05 10 
9.159999899566174e-05 14 
9.399998816661537e-05 16 
0.00010740000288933516 20 
0.00017400001524947584 23 
0.00018530001398175955 27 
0.0002237000153400004 36 
0.000309199996991083 50 
0.000895200006198138 100 
0.0014140999992378056 130 
0.00192020001122728 150 
0.00376029999461025 210 
0.006845700001576915 270 
0.010309800010873005 350 
0.016053500003181398 420 
0.020270200009690598 500 
0.02872840000782162 560 
0.05835040000965819 700 
0.14393380002002232 1000 
0.4508891999721527 1500 
1.5024917999980971 2250 
3.54816859998391 3000 
