0.00011520000407472253 1 
3.470000228844583e-05 2 
2.5699991965666413e-05 3 
2.300000051036477e-05 4 
2.1499989088624716e-05 5 
2.0100007532164454e-05 6 
2.1599989850074053e-05 7 
2.2099993657320738e-05 8 
2.1100015146657825e-05 9 
2.099998528137803e-05 10 
2.3100001271814108e-05 14 
5.229999078437686e-05 16 
8.290002006106079e-05 20 
4.730001091957092e-05 23 
6.140000186860561e-05 27 
0.0002136999974027276 36 
0.0002835000050254166 50 
0.0005905000143684447 100 
0.0008140999998431653 130 
0.0008052000193856657 150 
0.0016528000123798847 210 
0.0022409000084735453 270 
0.00413509999634698 350 
0.005107700009830296 420 
0.007667800004128367 500 
0.010356799990404397 560 
0.050135199999203905 700 
0.06926279998151585 1000 
0.18037300001014955 1500 
0.4800378000072669 2250 
0.9601540000003297 3000 
0.0077615000191144645 1 
0.0001173000200651586 2 
6.660001236014068e-05 3 
7.909999112598598e-05 4 
5.970001802779734e-05 5 
5.880001117475331e-05 6 
5.7900004321709275e-05 7 
6.200000643730164e-05 8 
5.7900004321709275e-05 9 
6.130000110715628e-05 10 
6.590000702999532e-05 14 
8.509997860528529e-05 16 
0.00010740000288933516 20 
0.00010770000517368317 23 
0.00011709998943842947 27 
0.00020070001482963562 36 
0.00020029998268000782 50 
0.0004545999981928617 100 
0.0008563000010326505 130 
0.0008545000164303929 150 
0.0012415999954100698 210 
0.0019306000031065196 270 
0.003086800017626956 350 
0.00542420000419952 420 
0.008297399996081367 500 
0.009820899984333664 560 
0.019171299994923174 700 
0.04109539999626577 1000 
0.13118639998720028 1500 
0.3916320000134874 2250 
0.8240940000105184 3000 
0.005648099991958588 1 
0.0001501999795436859 2 
6.429999484680593e-05 3 
3.680001827888191e-05 4 
2.720000338740647e-05 5 
2.3300002794712782e-05 6 
2.300000051036477e-05 7 
2.3300002794712782e-05 8 
2.2899999748915434e-05 9 
2.3499975213781e-05 10 
2.5600020308047533e-05 14 
4.490002174861729e-05 16 
4.5900000259280205e-05 20 
5.6100019719451666e-05 23 
5.8699981309473515e-05 27 
0.0001551999885123223 36 
0.00020969999604858458 50 
0.00044440000783652067 100 
0.000607299996772781 130 
0.0006434000097215176 150 
0.0014573000080417842 210 
0.0023310999968089163 270 
0.003253300004871562 350 
0.006352199998218566 420 
0.00721250000060536 500 
0.0113685000105761 560 
0.019942000013543293 700 
0.049641900026472285 1000 
0.14128510002046824 1500 
0.3858291999786161 2250 
0.867941400007112 3000 
0.009057699993718415 1 
0.00011659998563118279 2 
4.6699977247044444e-05 3 
3.060000017285347e-05 4 
2.9399991035461426e-05 5 
2.8999987989664078e-05 6 
2.850001328624785e-05 7 
2.7900008717551827e-05 8 
2.7700007194653153e-05 9 
2.81000102404505e-05 10 
3.0499999411404133e-05 14 
5.190001684240997e-05 16 
5.6599994422867894e-05 20 
4.630000330507755e-05 23 
6.369999027810991e-05 27 
0.00018699999782256782 36 
0.0002686000079847872 50 
0.0005953999934718013 100 
0.0008747999963816255 130 
0.0009950999810826033 150 
0.0018360000103712082 210 
0.002466600009938702 270 
0.003392500017071143 350 
0.0055167000100482255 420 
0.007867800013627857 500 
0.012086000002454966 560 
0.018627399986144155 700 
0.03797910001594573 1000 
0.11792020002030768 1500 
0.35622180000063963 2250 
0.874892899999395 3000 
0.008923400018829852 1 
0.00011809999705292284 2 
4.770001396536827e-05 3 
4.149999585933983e-05 4 
3.960001049563289e-05 5 
4.019998596049845e-05 6 
4.1799998143687844e-05 7 
4.149999585933983e-05 8 
4.25000034738332e-05 9 
6.019999273121357e-05 10 
5.629999213851988e-05 14 
9.020001743920147e-05 16 
6.689998554065824e-05 20 
5.6899996707215905e-05 23 
8.099997648969293e-05 27 
0.00020330000552348793 36 
0.00022879999596625566 50 
0.00041640002746134996 100 
0.0006271000020205975 130 
0.0011888000008184463 150 
0.0013355999835766852 210 
0.0020812000147998333 270 
0.0028707000019494444 350 
0.004935299977660179 420 
0.008021099987672642 500 
0.01104079998913221 560 
0.01845760000287555 700 
0.04165709999506362 1000 
0.11762310002814047 1500 
0.37257760000647977 2250 
0.8545239999948535 3000 
0.006308100011665374 1 
8.120000711642206e-05 2 
3.360002301633358e-05 3 
2.850001328624785e-05 4 
2.789997961372137e-05 5 
2.720000338740647e-05 6 
2.780000795610249e-05 7 
2.7300004148855805e-05 8 
3.6200013710185885e-05 9 
2.6200024876743555e-05 10 
6.970000686123967e-05 14 
5.269999383017421e-05 16 
5.050000618211925e-05 20 
6.9500005338341e-05 23 
6.309998570941389e-05 27 
0.00014570000348612666 36 
0.00018999999156221747 50 
0.00042359999497421086 100 
0.0006962000043131411 130 
0.0006751999899279326 150 
0.0012566999939735979 210 
0.0018982999899890274 270 
0.0031273000058718026 350 
0.005998500011628494 420 
0.008002600021427497 500 
0.010921499982941896 560 
0.01832609999109991 700 
0.04456380000920035 1000 
0.11724469999899156 1500 
0.37158350000390783 2250 
0.849306100019021 3000 
0.005436299979919568 1 
6.570000550709665e-05 2 
2.720000338740647e-05 3 
2.2299995180219412e-05 4 
2.090001362375915e-05 5 
2.0099978428333998e-05 6 
2.0700012100860476e-05 7 
2.120001590810716e-05 8 
2.0700012100860476e-05 9 
2.0500010577961802e-05 10 
2.2899999748915434e-05 14 
3.9300008211284876e-05 16 
4.110002191737294e-05 20 
5.599998985417187e-05 23 
5.8600009651854634e-05 27 
0.00015390000771731138 36 
0.0002277999883517623 50 
0.0005410000158008188 100 
0.0007689999765716493 130 
0.0007042000070214272 150 
0.0015973000263329595 210 
0.002558300009695813 270 
0.004206800018437207 350 
0.0049343999999109656 420 
0.007555899996077642 500 
0.009523400018224493 560 
0.016589100006967783 700 
0.038734500005375594 1000 
0.12122420000378042 1500 
0.36503499999525957 2250 
0.8989780999836512 3000 
0.009049200016306713 1 
0.0001176999940071255 2 
6.120000034570694e-05 3 
5.1000009989365935e-05 4 
4.4599990360438824e-05 5 
4.4599990360438824e-05 6 
5.320002674125135e-05 7 
5.0700007705017924e-05 8 
4.8999994760379195e-05 9 
5.01000031363219e-05 10 
5.540001438930631e-05 14 
7.309997454285622e-05 16 
0.0001100999943446368 20 
7.790001109242439e-05 23 
9.869999485090375e-05 27 
0.00018500001169741154 36 
0.00023189999046735466 50 
0.0005377000197768211 100 
0.0007829000242054462 130 
0.001616200024727732 150 
0.0017550000047776848 210 
0.001977200008695945 270 
0.0028790999785996974 350 
0.004734999994980171 420 
0.007167799980379641 500 
0.011173300008522347 560 
0.018308500002603978 700 
0.04329209998832084 1000 
0.117614799994044 1500 
0.3529213999863714 2250 
0.8394755000190344 3000 
0.009669299994129688 1 
0.00012469998910091817 2 
4.7699984861537814e-05 3 
4.1099992813542485e-05 4 
4.019998596049845e-05 5 
3.819999983534217e-05 6 
3.950000973418355e-05 7 
3.9399979868903756e-05 8 
3.880000440403819e-05 9 
3.960001049563289e-05 10 
4.339998122304678e-05 14 
6.649998249486089e-05 16 
8.009999874047935e-05 20 
7.810001261532307e-05 23 
9.430001955479383e-05 27 
0.0001976999919861555 36 
0.00018730000010691583 50 
0.0004208000027574599 100 
0.0006864999886602163 130 
0.0007328999927267432 150 
0.0011408000136725605 210 
0.002141200006008148 270 
0.0029366000089794397 350 
0.005967599980067462 420 
0.00829689999227412 500 
0.01131359999999404 560 
0.01929650001693517 700 
0.03829840000253171 1000 
0.11529310001060367 1500 
0.3820046999899205 2250 
0.9173389000061434 3000 
0.009542500018142164 1 
0.0001112000027205795 2 
4.499999340623617e-05 3 
4.189999890513718e-05 4 
4.029998672194779e-05 5 
3.91000066883862e-05 6 
4.1399995097890496e-05 7 
4.090002039447427e-05 8 
4.089999129064381e-05 9 
4.119999357499182e-05 10 
4.579999949783087e-05 14 
6.920000305399299e-05 16 
8.019999950192869e-05 20 
8.040000102482736e-05 23 
0.00010770000517368317 27 
0.0002195000124629587 36 
0.0002609000075608492 50 
0.0005585000035353005 100 
0.000981399993179366 130 
0.00136160000693053 150 
0.001826199993956834 210 
0.002609499992104247 270 
0.003716300008818507 350 
0.005277599993860349 420 
0.009139100002357736 500 
0.010278600006131455 560 
0.030267100024502724 700 
0.04722939999192022 1000 
0.13632580000557937 1500 
0.4148884000023827 2250 
0.9281756000127643 3000 
