0.008437899989075959 1 
0.00016080000204965472 2 
0.00010209999163635075 3 
9.710001177154481e-05 4 
9.869999485090375e-05 5 
8.319999324157834e-05 6 
7.360000745393336e-05 7 
7.419998291879892e-05 8 
7.660000119358301e-05 9 
7.360000745393336e-05 10 
7.999999797903001e-05 14 
7.800001185387373e-05 16 
0.0001058999914675951 20 
8.769999840296805e-05 23 
0.00010289999772794545 27 
0.00010949998977594078 36 
0.00012650000280700624 50 
0.00024059999850578606 100 
0.0005225000204518437 130 
0.0006640999927185476 150 
0.0005705000075977296 210 
0.0008221000025514513 270 
0.0019041000050492585 350 
0.002975400013383478 420 
0.00449370002024807 500 
0.0048946000169962645 560 
0.009791499993298203 700 
0.018434500001603737 1000 
0.06366039998829365 1500 
0.19849599999724887 2250 
0.5377963000210002 3000 
0.00019520000205375254 1 
0.00013540001236833632 2 
0.00010620002285577357 3 
0.00010150001617148519 4 
0.00012859998969361186 5 
0.00010710000060498714 6 
0.00010510001447983086 7 
0.00012020001304335892 8 
0.00015129998791962862 9 
0.00011779999476857483 10 
0.00011969998013228178 14 
0.00012240000069141388 16 
0.00034989998675882816 20 
0.00021190001280047 23 
0.00023849998251534998 27 
0.00020910002058371902 36 
0.0002277999883517623 50 
0.0005188999930396676 100 
0.0007236000092234462 130 
0.0008018999942578375 150 
0.0012245000107213855 210 
0.001333899999735877 270 
0.002164999983506277 350 
0.002883100009057671 420 
0.003937800007406622 500 
0.005235400021774694 560 
0.0068094999878667295 700 
0.017349300003843382 1000 
0.0670447000011336 1500 
0.19964079998317175 2250 
0.3980367999756709 3000 
0.00013599998783320189 1 
0.000287600007141009 2 
6.379999103955925e-05 3 
5.709999823011458e-05 4 
4.8600020818412304e-05 5 
4.73999825771898e-05 6 
4.759998410008848e-05 7 
4.610000178217888e-05 8 
4.800001624971628e-05 9 
0.0007351999811362475 10 
7.479998748749495e-05 14 
8.13000078778714e-05 16 
7.569999434053898e-05 20 
0.0004257999826222658 23 
0.00021779999951831996 27 
0.00011650001397356391 36 
0.0002580000145826489 50 
0.0002597999991849065 100 
0.00036940001882612705 130 
0.0004273999948054552 150 
0.000536599982297048 210 
0.001958799985004589 270 
0.0013007000088691711 350 
0.0035358000022824854 420 
0.003862400015350431 500 
0.003922300005797297 560 
0.0074108999979216605 700 
0.021624799992423505 1000 
0.07708479999564588 1500 
0.20951420001802035 2250 
0.3964138000155799 3000 
0.00024449999909847975 1 
0.00017150002531707287 2 
0.0002702999918255955 3 
0.00016680001863278449 4 
0.0001790999958757311 5 
0.00016799999866634607 6 
0.0001660000125411898 7 
0.0002558999985922128 8 
0.0002575000107754022 9 
0.00016450000111944973 10 
0.0001644000003580004 14 
0.00029979998362250626 16 
0.00031709999893791974 20 
0.00011970000923611224 23 
0.00013299999409355223 27 
0.0001714999962132424 36 
0.00018810000619851053 50 
0.00031709999893791974 100 
0.0004234999942127615 130 
0.0005283000064082444 150 
0.0008528000034857541 210 
0.0007467000104952604 270 
0.001802499988116324 350 
0.003117200016276911 420 
0.0034669000015128404 500 
0.004717000003438443 560 
0.0073207000095862895 700 
0.01964610000140965 1000 
0.0625648999994155 1500 
0.1864447999978438 2250 
0.4144747999962419 3000 
0.00011150000500492752 1 
5.8600009651854634e-05 2 
5.8200006606057286e-05 3 
0.00036460001138038933 4 
0.0007270000060088933 5 
7.020001066848636e-05 6 
7.320000440813601e-05 7 
7.14000198058784e-05 8 
7.449998520314693e-05 9 
7.339997682720423e-05 10 
7.680000271648169e-05 14 
8.349999552592635e-05 16 
8.390002767555416e-05 20 
8.399999933317304e-05 23 
9.449999197386205e-05 27 
0.0001328999933321029 36 
0.00012169999536126852 50 
0.00021470000501722097 100 
0.0002978999982587993 130 
0.0003625999961514026 150 
0.000531300000147894 210 
0.0020139999978709966 270 
0.0017121999990195036 350 
0.0027815999928861856 420 
0.005250999995041639 500 
0.00538130002678372 560 
0.007303099991986528 700 
0.02702020001015626 1000 
0.06009939999785274 1500 
0.21461450000060722 2250 
0.4022392999904696 3000 
0.0001154000055976212 1 
5.5899989092722535e-05 2 
4.509999416768551e-05 3 
4.370001261122525e-05 4 
6.829999620094895e-05 5 
5.1700015319511294e-05 6 
6.78999931551516e-05 7 
5.259999306872487e-05 8 
7.179999374784529e-05 9 
5.4100004490464926e-05 10 
5.870001041330397e-05 14 
5.15999854542315e-05 16 
0.0006965000065974891 20 
0.0003237000200897455 23 
0.00011049999739043415 27 
0.00010490001295693219 36 
0.00021659999038092792 50 
0.0003372000064700842 100 
0.00035340001340955496 130 
0.00073490000795573 150 
0.000598300015553832 210 
0.0009308000153396279 270 
0.001807099994039163 350 
0.0034580999927129596 420 
0.004119799996260554 500 
0.004894400015473366 560 
0.00997849999112077 700 
0.023394899995764717 1000 
0.0542997999873478 1500 
0.18288700000266545 2250 
0.4190979000122752 3000 
0.00016220001270994544 1 
8.560001151636243e-05 2 
7.789998198859394e-05 3 
0.0002626999921631068 4 
8.789999992586672e-05 5 
7.760000880807638e-05 6 
7.780001033097506e-05 7 
7.809998351149261e-05 8 
0.0008576999825891107 9 
0.000222400005441159 10 
0.00010470001143403351 14 
9.08000220078975e-05 16 
0.0004197999951429665 20 
0.0002584999892860651 23 
0.0002592999953776598 27 
0.000307999987853691 36 
0.00039659999310970306 50 
0.00036269999691285193 100 
0.00048099999548867345 130 
0.0004044999950565398 150 
0.0005973999795969576 210 
0.0012304999982006848 270 
0.002165100013371557 350 
0.0031632999889552593 420 
0.005945999990217388 500 
0.004637800011551008 560 
0.010311699996236712 700 
0.02134539998951368 1000 
0.05533380000269972 1500 
0.19548210001084954 2250 
0.39771329998620786 3000 
0.00016450000111944973 1 
9.809999028220773e-05 2 
8.239998714998364e-05 3 
9.049999061971903e-05 4 
0.0007592000183649361 5 
0.00011920000542886555 6 
0.00010649999603629112 7 
0.00010160001693293452 8 
0.00010649999603629112 9 
0.0001024999946821481 10 
0.0001094000181183219 14 
0.00012780001270584762 16 
0.00014399999054148793 20 
0.0001412999990861863 23 
0.000145500001963228 27 
0.00028089998522773385 36 
0.00039739999920129776 50 
0.0002699999895412475 100 
0.0003968999953940511 130 
0.0005491999909281731 150 
0.0009361000265926123 210 
0.0008119000121951103 270 
0.0017991999920923263 350 
0.0028037999873049557 420 
0.005493700009537861 500 
0.00516050000442192 560 
0.00958439998794347 700 
0.022949400008656085 1000 
0.05710140001610853 1500 
0.20491060000495054 2250 
0.4263271999952849 3000 
0.00017819998902268708 1 
0.0001154000055976212 2 
0.00011329998960718513 3 
0.00010900001507252455 4 
0.00011710001854225993 5 
0.00011140000424347818 6 
0.00012539999443106353 7 
0.00010829998063854873 8 
0.00011209998046979308 9 
0.00010659999679774046 10 
0.0001247999898623675 14 
0.000142700009746477 16 
0.00015300000086426735 20 
0.0001889999839477241 23 
0.0001677999971434474 27 
0.00018319999799132347 36 
0.0001230000052601099 50 
0.0001905999961309135 100 
0.00047560001257807016 130 
0.0005428000004030764 150 
0.0007970999868120998 210 
0.0009214000019710511 270 
0.0013946999970357865 350 
0.002887899987399578 420 
0.004274900013115257 500 
0.006174900016048923 560 
0.008337900013430044 700 
0.020671000005677342 1000 
0.062487199989845976 1500 
0.21556019998388365 2250 
0.4130887000064831 3000 
0.00018069997895509005 1 
9.899999713525176e-05 2 
8.639998850412667e-05 3 
8.480000542476773e-05 4 
9.059999138116837e-05 5 
8.930001058615744e-05 6 
8.910000906325877e-05 7 
9.349998435936868e-05 8 
9.670000872574747e-05 9 
9.710001177154481e-05 10 
9.590000263415277e-05 14 
9.880002471618354e-05 16 
0.00011399999493733048 20 
0.00011570000788196921 23 
0.00013000000035390258 27 
0.0001412999990861863 36 
0.00019210000755265355 50 
0.0003068000078201294 100 
0.0004592000041157007 130 
0.00047400000039488077 150 
0.0007480999920517206 210 
0.001120700006140396 270 
0.0015368000022135675 350 
0.002860400010831654 420 
0.003574400005163625 500 
0.0047657999966759235 560 
0.00933109998004511 700 
0.02309080000850372 1000 
0.0626946999982465 1500 
0.19105879997368902 2250 
0.40179790000547655 3000 
