0.00390700000571087 1 
0.00018920001457445323 2 
0.0001362999901175499 3 
0.00011380002251826227 4 
0.00013200001558288932 5 
0.00013309999485500157 6 
0.000132500019390136 7 
0.0001309999788645655 8 
0.00013869997928850353 9 
0.00013679999392479658 10 
0.00010189999011345208 14 
0.0001058999914675951 16 
0.00014039999223314226 20 
0.00017460001981817186 23 
0.00018390000332146883 27 
0.0003142000059597194 36 
0.000770699989516288 50 
0.001281000004382804 100 
0.0015946000057738274 130 
0.002432599983876571 150 
0.004061799991177395 210 
0.006611100019654259 270 
0.011541499989107251 350 
0.018300199997611344 420 
0.025689900008728728 500 
0.02980839999509044 560 
0.04824299999745563 700 
0.12891209998633713 1000 
0.36160210001980886 1500 
1.4380374000174925 2250 
2.623383099999046 3000 
0.0038864999951329082 1 
0.00013979998766444623 2 
0.00011409999569877982 3 
0.00010239999392069876 4 
0.00011529997573234141 5 
0.00010060000931844115 6 
0.00010159998782910407 7 
0.00010179998935200274 8 
0.00010529998689889908 9 
0.00010619999375194311 10 
0.0001304999750573188 14 
0.00013760000001639128 16 
0.00010960001964122057 20 
0.0001241000136360526 23 
0.00013120000949129462 27 
0.00021850000484846532 36 
0.00029510000604204834 50 
0.0013663999852724373 100 
0.001970000012079254 130 
0.002105199993820861 150 
0.004870400007348508 210 
0.006518099980894476 270 
0.010272599989548326 350 
0.01915249999728985 420 
0.023937799996929243 500 
0.029179000004660338 560 
0.057476600020891055 700 
0.12560289999237284 1000 
0.32906620000721887 1500 
1.0809518999885768 2250 
2.8697448000020813 3000 
0.003074500011280179 1 
0.00010150001617148519 2 
8.420000085607171e-05 3 
7.489998824894428e-05 4 
7.459998596459627e-05 5 
7.529999129474163e-05 6 
7.499998901039362e-05 7 
7.619999814778566e-05 8 
7.819998427294195e-05 9 
8.659999002702534e-05 10 
9.039998985826969e-05 14 
9.23000043258071e-05 16 
0.00010299999848939478 20 
0.00013490000856108963 23 
0.00015120001626200974 27 
0.00022089999401941895 36 
0.0004182000120636076 50 
0.0011860000086016953 100 
0.0016118999919854105 130 
0.0020193999807816 150 
0.0050759000005200505 210 
0.007278200006112456 270 
0.010858900001039729 350 
0.018830899993190542 420 
0.027152599999681115 500 
0.03172279999125749 560 
0.05632600001990795 700 
0.15390569998999126 1000 
0.3470588000200223 1500 
1.190368399984436 2250 
2.6865538000129163 3000 
0.004590900003677234 1 
0.00017270000535063446 2 
0.00015130001702345908 3 
0.00013609998859465122 4 
0.00013690002379007638 5 
0.00013839997700415552 6 
0.00013180001405999064 7 
0.000159399991389364 8 
9.889999637380242e-05 9 
9.899999713525176e-05 10 
0.00010829998063854873 14 
0.0001033000007737428 16 
0.0001145999995060265 20 
0.0001824999926611781 23 
0.0001826000225264579 27 
0.00027099999715574086 36 
0.0004023000074084848 50 
0.0011115000233985484 100 
0.001774400006979704 130 
0.0023212000087369233 150 
0.004970599984517321 210 
0.00719619999290444 270 
0.011223400011658669 350 
0.01771420001750812 420 
0.025691899994853884 500 
0.031003200012492016 560 
0.058490099996561185 700 
0.12580359997809865 1000 
0.34129189999657683 1500 
1.165309600008186 2250 
2.8017930000205524 3000 
0.004378300014650449 1 
0.00013290002243593335 2 
9.619997581467032e-05 3 
8.45999747980386e-05 4 
8.38999985717237e-05 5 
8.349999552592635e-05 6 
8.800000068731606e-05 7 
8.820000221021473e-05 8 
9.240000508725643e-05 9 
0.00011079999967478216 10 
0.00010899998596869409 14 
0.00011190000805072486 16 
0.00012809998588636518 20 
0.00015310000162571669 23 
0.00018500001169741154 27 
0.0002815999905578792 36 
0.00038670000503771007 50 
0.0013250999909359962 100 
0.0016112999874167144 130 
0.0016110000142361969 150 
0.004551400023046881 210 
0.006934999983059242 270 
0.012579500005813316 350 
0.019042100000660866 420 
0.026296299998648465 500 
0.03238330001477152 560 
0.055085200001485646 700 
0.12528519998886622 1000 
0.3509401000046637 1500 
1.1865780999942217 2250 
2.6965494000178296 3000 
0.004040600004373118 1 
0.00014429999282583594 2 
0.0001230000052601099 3 
0.00011029999586753547 4 
0.00010490001295693219 5 
0.00010279999696649611 6 
0.00010040000779554248 7 
0.00010040000779554248 8 
0.0001016999885905534 9 
0.00010579999070614576 10 
0.00012909999350085855 14 
0.00012599999899975955 16 
0.00013649999164044857 20 
0.0001576000067871064 23 
0.00018429997726343572 27 
0.00021800000104121864 36 
0.00028490001568570733 50 
0.0012117000005673617 100 
0.0017348999972455204 130 
0.0021490000071935356 150 
0.0043701000104192644 210 
0.00564640000811778 270 
0.011873199982801452 350 
0.01599539999733679 420 
0.027134800009662285 500 
0.03219339999486692 560 
0.05020119997789152 700 
0.13073969999095425 1000 
0.3181680999987293 1500 
1.10896490002051 2250 
2.6202839000034146 3000 
0.004121700010728091 1 
0.00013359999866224825 2 
9.499999578110874e-05 3 
8.450000314041972e-05 4 
8.709999383427203e-05 5 
9.079999290406704e-05 6 
9.009998757392168e-05 7 
9.190000128000975e-05 8 
9.289997979067266e-05 9 
0.00010910001583397388 10 
0.00011140000424347818 14 
0.00011250001261942089 16 
0.00012840001727454364 20 
0.000149500003317371 23 
0.00016549997963011265 27 
0.0002643000043462962 36 
0.000381799996830523 50 
0.0009380999836139381 100 
0.001244900020537898 130 
0.0016307999903801829 150 
0.004415700008394197 210 
0.00680350000038743 270 
0.01197870000032708 350 
0.01539669997873716 420 
0.023707899992587045 500 
0.03339219998451881 560 
0.05397670000093058 700 
0.12778889999026433 1000 
0.34025930002098903 1500 
1.141864400007762 2250 
2.6614744999969844 3000 
0.003914799977792427 1 
0.00013679999392479658 2 
0.00011930000619031489 3 
0.00010840001050382853 4 
0.00010830000974237919 5 
0.00011439999798312783 6 
0.00011470000026747584 7 
0.00010950001887977123 8 
0.0001044000091496855 9 
0.00010619999375194311 10 
0.00012900002184323967 14 
0.00015089998487383127 16 
0.0001750999945215881 20 
0.00011850000009872019 23 
0.00013040000339969993 27 
0.00020180002320557833 36 
0.0002756000030785799 50 
0.000740100018447265 100 
0.0012611999991349876 130 
0.002008699986618012 150 
0.0038327999936882406 210 
0.005502899992279708 270 
0.010992700001224875 350 
0.017537100007757545 420 
0.027066700014984235 500 
0.03452890002517961 560 
0.051029499998549 700 
0.12727400002768263 1000 
0.33380209997994825 1500 
1.1217762999876868 2250 
2.6241454999835696 3000 
0.003664099989691749 1 
9.779998799785972e-05 2 
6.790002225898206e-05 3 
5.679999594576657e-05 4 
5.5899989092722535e-05 5 
5.5100012104958296e-05 6 
5.49999822396785e-05 7 
6.369999027810991e-05 8 
5.85000088904053e-05 9 
6.009999196976423e-05 10 
6.810002378188074e-05 14 
9.899999713525176e-05 16 
8.510000770911574e-05 20 
0.00010569998994469643 23 
0.00011409999569877982 27 
0.0002738999901339412 36 
0.0002505999873392284 50 
0.0008562000002712011 100 
0.0013389999803621322 130 
0.0019157000060658902 150 
0.0038269000069703907 210 
0.0072293000121135265 270 
0.010740700003225356 350 
0.016055499989306554 420 
0.02124200001708232 500 
0.03303130000131205 560 
0.0529069000040181 700 
0.12672609998844564 1000 
0.3285252999921795 1500 
1.212762000010116 2250 
2.8288641999824904 3000 
0.002937300014309585 1 
0.00013949998538009822 2 
8.560001151636243e-05 3 
6.590000702999532e-05 4 
6.200000643730164e-05 5 
6.030002259649336e-05 6 
0.0001218999968841672 7 
0.00011780002387240529 8 
0.00011739999172277749 9 
9.440002031624317e-05 10 
0.0001296000264119357 14 
0.00010129998554475605 16 
0.00010489998385310173 20 
0.00016629998572170734 23 
0.00016179998056031764 27 
0.0002162999880965799 36 
0.00032110000029206276 50 
0.0009444000024814159 100 
0.0022416999854613096 130 
0.002510500024072826 150 
0.004834199993638322 210 
0.006884100002935156 270 
0.013124299992341548 350 
0.018725000001722947 420 
0.027989499998511747 500 
0.03310079997754656 560 
0.06146779999835417 700 
0.13658709998708218 1000 
0.3605766999826301 1500 
1.1841031000076327 2250 
2.7997745999891777 3000 
