0.00436630001058802 1 
0.00013420000323094428 2 
0.00011829999857582152 3 
0.0001348000077996403 4 
0.00011670001549646258 5 
0.00011669998639263213 6 
0.00012320000678300858 7 
0.00012400001287460327 8 
0.00011690001701936126 9 
0.0001914000022225082 10 
0.00017610000213608146 14 
0.00016590001177974045 16 
0.0001703999878372997 20 
0.00018270002328790724 23 
0.0002032000047620386 27 
0.0003809999907389283 36 
0.00042509997729212046 50 
0.0008951999770943075 100 
0.0017444000113755465 130 
0.00228169999900274 150 
0.004229600017424673 210 
0.006102200015448034 270 
0.011444200004916638 350 
0.01469899999210611 420 
0.022551800007931888 500 
0.03494039998622611 560 
0.05395870000938885 700 
0.13964199999463744 1000 
0.35207059999811463 1500 
1.1829532000119798 2250 
2.6357274999900255 3000 
0.004205699980957434 1 
0.00012169999536126852 2 
9.780001710169017e-05 3 
8.58000130392611e-05 4 
8.47000046633184e-05 5 
8.530000923201442e-05 6 
0.0001016999885905534 7 
9.050001972354949e-05 8 
9.71999834291637e-05 9 
0.00012909999350085855 10 
9.320001117885113e-05 14 
9.34000127017498e-05 16 
0.00010340000153519213 20 
0.0001655000087339431 23 
0.00012390001211315393 27 
0.0001914000022225082 36 
0.00026699999580159783 50 
0.0008891000179573894 100 
0.0013629999884869903 130 
0.002640499995322898 150 
0.0046264999837148935 210 
0.006322200002614409 270 
0.012241899996297434 350 
0.019754900014959276 420 
0.027011899976059794 500 
0.02863369998522103 560 
0.05213520000688732 700 
0.12965370001620613 1000 
0.3376005000027362 1500 
1.0852566999965347 2250 
2.6016558000119403 3000 
0.004327899980125949 1 
0.0001382000045850873 2 
0.00014150000060908496 3 
0.0001109000004362315 4 
0.0001145999995060265 5 
0.00011230001109652221 6 
0.00011940000695176423 7 
0.00011850000009872019 8 
0.00011049999739043415 9 
0.00014859999646432698 10 
0.0001357999863103032 14 
0.00013390000094659626 16 
0.00015109998639672995 20 
0.00016379999578930438 23 
0.00017819998902268708 27 
0.00027379998937249184 36 
0.0003792000061366707 50 
0.0007999999797903001 100 
0.0015937999996822327 130 
0.0015688999847043306 150 
0.003357699984917417 210 
0.0057366999972146004 270 
0.012652600009460002 350 
0.017091099987737834 420 
0.026951000007102266 500 
0.030383600009372458 560 
0.05042149999644607 700 
0.12845229997765273 1000 
0.32383799998206086 1500 
1.1265045999898575 2250 
2.586468800000148 3000 
0.003180700005032122 1 
9.919999865815043e-05 2 
8.110000635497272e-05 3 
7.219999679364264e-05 4 
6.849999772384763e-05 5 
9.469999349676073e-05 6 
0.00013279999257065356 7 
0.0001112000027205795 8 
0.00011130000348202884 9 
0.00012840001727454364 10 
0.00013229998876340687 14 
0.00015119998715817928 16 
0.00015629999688826501 20 
0.0001936000189743936 23 
0.0001999999803956598 27 
0.00028589999419637024 36 
0.0004094999749213457 50 
0.001105900009861216 100 
0.0014665999915450811 130 
0.0018657000036910176 150 
0.0041908999846782535 210 
0.007392199971945956 270 
0.010616700019454584 350 
0.018573000008473173 420 
0.02567629999248311 500 
0.028669499995885417 560 
0.053036400000564754 700 
0.11971430000266992 1000 
0.35105150000890717 1500 
1.0787495000113267 2250 
2.6193868999835104 3000 
0.004326399997808039 1 
0.00015490001533180475 2 
0.0001033000007737428 3 
8.769999840296805e-05 4 
8.880000677891076e-05 5 
8.910000906325877e-05 6 
9.029998909682035e-05 7 
0.00010299999848939478 8 
0.00013059997581876814 9 
0.0001024999946821481 10 
0.00011210000957362354 14 
0.00012829998740926385 16 
0.00014039999223314226 20 
0.00016200001118704677 23 
0.00017640000442042947 27 
0.00027840002439916134 36 
0.0004144999838899821 50 
0.001037900015944615 100 
0.0017004999972414225 130 
0.0020355999877210706 150 
0.004176200018264353 210 
0.005659999995259568 270 
0.010049400007119402 350 
0.014748199988389388 420 
0.0254566999792587 500 
0.0317092000041157 560 
0.05124709999654442 700 
0.12789999999222346 1000 
0.345514299988281 1500 
1.0874704999732785 2250 
2.5835151000064798 3000 
0.003657299996120855 1 
0.00015009997878223658 2 
0.0001078000059351325 3 
9.650000720284879e-05 4 
9.519999730400741e-05 5 
9.779998799785972e-05 6 
9.560000034980476e-05 7 
9.310001041740179e-05 8 
0.00011980000999756157 9 
0.00010170001769438386 10 
0.0001112000027205795 14 
0.0001449999981559813 16 
0.00012769998284056783 20 
0.0001579000090714544 23 
0.0001711999939288944 27 
0.0002699000178836286 36 
0.00034240001696161926 50 
0.0010724000167101622 100 
0.0013583000109065324 130 
0.0020357000175863504 150 
0.004340199986472726 210 
0.00696939998306334 270 
0.011725999996997416 350 
0.014421800005948171 420 
0.024431300000287592 500 
0.02783510001609102 560 
0.04658629998448305 700 
0.13434580000466667 1000 
0.33664199998020194 1500 
1.1089721999887843 2250 
2.617057499999646 3000 
0.003265099978307262 1 
9.839999256655574e-05 2 
7.959999493323267e-05 3 
7.459998596459627e-05 4 
7.069998537190259e-05 5 
7.180002285167575e-05 6 
7.280000136233866e-05 7 
7.320000440813601e-05 8 
0.00013109997962601483 9 
7.720000576227903e-05 10 
8.340002386830747e-05 14 
8.590001380071044e-05 16 
9.68000094871968e-05 20 
0.0001052000152412802 23 
0.00011470000026747584 27 
0.0001860000193119049 36 
0.00027260000933893025 50 
0.000727800012100488 100 
0.0016872999840416014 130 
0.0017582000000402331 150 
0.003499099984765053 210 
0.0073084000032395124 270 
0.009672100015450269 350 
0.01764160001766868 420 
0.026503800007048994 500 
0.033741299994289875 560 
0.04816979999304749 700 
0.11594449999392964 1000 
0.3417141000099946 1500 
1.1626830000022892 2250 
2.613067199999932 3000 
0.002913000003900379 1 
8.800000068731606e-05 2 
7.890001870691776e-05 3 
7.300000288523734e-05 4 
0.00012050001532770693 5 
8.229998638853431e-05 6 
8.440000237897038e-05 7 
8.510000770911574e-05 8 
0.00016150000737980008 9 
0.00011980000999756157 10 
0.0001472999865654856 14 
0.0001432000135537237 16 
0.00015959999291226268 20 
0.00016850000247359276 23 
0.00019439999596215785 27 
0.00026760000037029386 36 
0.00035909999860450625 50 
0.0009558000019751489 100 
0.0011707000085152686 130 
0.0022659999958705157 150 
0.00444190000416711 210 
0.006087999994633719 270 
0.010471699992194772 350 
0.016168300004210323 420 
0.022537699987879023 500 
0.03034189998288639 560 
0.04979180000373162 700 
0.12383349999436177 1000 
0.3320632000104524 1500 
1.096875999995973 2250 
2.5792051999887917 3000 
0.0030254000157583505 1 
9.509999654255807e-05 2 
7.839998579584062e-05 3 
6.719998782500625e-05 4 
6.749999010935426e-05 5 
6.680001388303936e-05 6 
6.839999696239829e-05 7 
6.890000076964498e-05 8 
6.959997699595988e-05 9 
8.129997877404094e-05 10 
8.249998791143298e-05 14 
9.529999806545675e-05 16 
9.690001024864614e-05 20 
0.0001467999827582389 23 
0.0001328999933321029 27 
0.00020599999697878957 36 
0.00028349997592158616 50 
0.0007444999937433749 100 
0.0012066000199411064 130 
0.0017318000027444214 150 
0.0037757000245619565 210 
0.006128199980594218 270 
0.009388700011186302 350 
0.015787399985129014 420 
0.021401100006187335 500 
0.027848500001709908 560 
0.0561083999928087 700 
0.13504970000940375 1000 
0.3210051000060048 1500 
1.1037834000017028 2250 
2.5874511000001803 3000 
0.004440899996552616 1 
0.00015639999764971435 2 
0.00011079999967478216 3 
9.670000872574747e-05 4 
9.799998952075839e-05 5 
9.82999918051064e-05 6 
9.899999713525176e-05 7 
0.00012599999899975955 8 
0.00012010001228190958 9 
9.560000034980476e-05 10 
0.0001255999959539622 14 
0.00011989998165518045 16 
0.00014620000729337335 20 
0.00015510001685470343 23 
0.00016690001939423382 27 
0.0002502000133972615 36 
0.0003324999997857958 50 
0.0011175000108778477 100 
0.002595199999632314 130 
0.003008400002727285 150 
0.0037401999870780855 210 
0.007301000005099922 270 
0.00958149999496527 350 
0.014380100008565933 420 
0.023802400013664737 500 
0.027247299993177876 560 
0.04806959998677485 700 
0.1388227999850642 1000 
0.3395582000084687 1500 
1.0962865999899805 2250 
2.633210300002247 3000 
