0.008706799999345094 1 
0.0001587000151630491 2 
8.239998714998364e-05 3 
7.759997970424592e-05 4 
7.569999434053898e-05 5 
7.720000576227903e-05 6 
7.670000195503235e-05 7 
7.730000652372837e-05 8 
8.129997877404094e-05 9 
7.879998884163797e-05 10 
8.259998867288232e-05 14 
8.410000009462237e-05 16 
0.00010150001617148519 20 
0.00010149998706765473 23 
0.00013359999866224825 27 
0.00013810000382363796 36 
0.0001818000164348632 50 
0.00045259998296387494 100 
0.0005916999944020063 130 
0.0005150999932084233 150 
0.0006676000193692744 210 
0.0013417000009212643 270 
0.002246699994429946 350 
0.004136900010053068 420 
0.0054982000146992505 500 
0.007439799985149875 560 
0.00905709998914972 700 
0.03001409998978488 1000 
0.08655959999305196 1500 
0.23985130002256483 2250 
0.5357015000190586 3000 
0.00018269999418407679 1 
8.670001989230514e-05 2 
7.760000880807638e-05 3 
7.500001811422408e-05 4 
7.43999844416976e-05 5 
7.429998368024826e-05 6 
7.430001278407872e-05 7 
7.790001109242439e-05 8 
7.949999417178333e-05 9 
7.750000804662704e-05 10 
8.129997877404094e-05 14 
8.169998181983829e-05 16 
0.00010999999358318746 20 
0.00010829998063854873 23 
0.00012249997234903276 27 
0.00014139999984763563 36 
0.00019970000721514225 50 
0.00045610000961460173 100 
0.0005894999776501209 130 
0.0005990999925415963 150 
0.0009738999942783266 210 
0.0015327000000979751 270 
0.002158199989935383 350 
0.0027793000044766814 420 
0.004808199999388307 500 
0.005635300010908395 560 
0.010451999987708405 700 
0.026448700024047866 1000 
0.08086180000100285 1500 
0.21221309999236837 2250 
0.45102350000524893 3000 
0.0001604999997653067 1 
7.85999873187393e-05 2 
6.920000305399299e-05 3 
6.700001540593803e-05 4 
6.53000024612993e-05 5 
6.630001007579267e-05 6 
6.689998554065824e-05 7 
6.86999992467463e-05 8 
7.069998537190259e-05 9 
6.970000686123967e-05 10 
7.310000364668667e-05 14 
7.440001354552805e-05 16 
9.379998664371669e-05 20 
0.00010150001617148519 23 
0.00011610001092776656 27 
0.00012900002184323967 36 
0.00015659999917261302 50 
0.00023639999562874436 100 
0.0002969000197481364 130 
0.00036890001501888037 150 
0.0006069000228308141 210 
0.000758699985453859 270 
0.001406499999575317 350 
0.0030972999811638147 420 
0.004535899992333725 500 
0.005192500015255064 560 
0.007545400003436953 700 
0.02522410001256503 1000 
0.08201830001780763 1500 
0.2187677000183612 2250 
0.46165290000499226 3000 
0.0001564999984111637 1 
7.37000082153827e-05 2 
6.44999963697046e-05 3 
6.260001100599766e-05 4 
6.309998570941389e-05 5 
6.3000014051795e-05 6 
6.400002166628838e-05 7 
6.429999484680593e-05 8 
6.770002073608339e-05 9 
6.429999484680593e-05 10 
6.910000229254365e-05 14 
7.049998384900391e-05 16 
9.190000128000975e-05 20 
9.159999899566174e-05 23 
0.00010609999299049377 27 
0.0001188000023830682 36 
0.00015279999934136868 50 
0.00029719999292865396 100 
0.00046090001706033945 130 
0.0004700999998021871 150 
0.0005872999900020659 210 
0.0012641999928746372 270 
0.0020160000130999833 350 
0.0036761999945156276 420 
0.005403799994383007 500 
0.00564940000185743 560 
0.009432199993170798 700 
0.023523800016846508 1000 
0.06888049998087808 1500 
0.21413020000909455 2250 
0.46783310000319034 3000 
0.00017289997776970267 1 
8.880000677891076e-05 2 
7.390000973828137e-05 3 
8.789999992586672e-05 4 
7.399998139590025e-05 5 
7.470001582987607e-05 6 
7.530002039857209e-05 7 
7.569999434053898e-05 8 
7.959999493323267e-05 9 
8.030000026337802e-05 10 
8.229998638853431e-05 14 
7.950002327561378e-05 16 
0.00010000000474974513 20 
0.00010529998689889908 23 
0.0001176999940071255 27 
0.00013309999485500157 36 
0.00017070001922547817 50 
0.000301199994282797 100 
0.0004144999838899821 130 
0.0003490000090096146 150 
0.0005834000185132027 210 
0.0012048000062350184 270 
0.00154980001389049 350 
0.0033816999930422753 420 
0.003936500026611611 500 
0.006549900019308552 560 
0.00736070002312772 700 
0.029707199981203303 1000 
0.07097029997385107 1500 
0.23647810000693426 2250 
0.5016619999951217 3000 
0.00011119997361674905 1 
4.879999323748052e-05 2 
4.099999205209315e-05 3 
3.950000973418355e-05 4 
3.91000066883862e-05 5 
3.850000211969018e-05 6 
3.850000211969018e-05 7 
3.890000516548753e-05 8 
4.430001717992127e-05 9 
3.9700011257082224e-05 10 
4.2100000428035855e-05 14 
4.199999966658652e-05 16 
5.5500015150755644e-05 20 
5.560001591220498e-05 23 
6.630001007579267e-05 27 
7.770000956952572e-05 36 
9.180000051856041e-05 50 
0.00031540001509711146 100 
0.00042070000199601054 130 
0.0004980000085197389 150 
0.0009290000016335398 210 
0.0013152000028640032 270 
0.0018577000009827316 350 
0.0033657000167295337 420 
0.0049992999993264675 500 
0.006521800009068102 560 
0.0077741999994032085 700 
0.026225099980365485 1000 
0.06623680001939647 1500 
0.21428309998009354 2250 
0.4540674999880139 3000 
0.00015720000374130905 1 
7.179999374784529e-05 2 
6.239998037926853e-05 3 
6.120000034570694e-05 4 
6.120000034570694e-05 5 
6.0999998822808266e-05 6 
6.0900027165189385e-05 7 
6.399999256245792e-05 8 
6.580000626854599e-05 9 
6.279998342506588e-05 10 
6.809999467805028e-05 14 
6.959997699595988e-05 16 
8.910000906325877e-05 20 
8.950001210905612e-05 23 
0.00010219999239780009 27 
0.00011870000162161887 36 
0.0001503000094089657 50 
0.0002784999960567802 100 
0.0004788000078406185 130 
0.000458399998024106 150 
0.0006670000148005784 210 
0.0013296999968588352 270 
0.002081199985696003 350 
0.003491900017252192 420 
0.0038095000199973583 500 
0.006988799985265359 560 
0.008632799988845363 700 
0.028195699997013435 1000 
0.08270230001653545 1500 
0.22056449999217875 2250 
0.532712399988668 3000 
0.00011440002708695829 1 
5.01000031363219e-05 2 
4.3100008042529225e-05 3 
3.9799982914701104e-05 4 
3.950000973418355e-05 5 
3.8700003642588854e-05 6 
3.9399979868903756e-05 7 
3.959998139180243e-05 8 
4.2100000428035855e-05 9 
4.0099985199049115e-05 10 
4.300000728107989e-05 14 
4.3800013372674584e-05 16 
5.649999366141856e-05 20 
5.9299985878169537e-05 23 
7.000000914558768e-05 27 
9.059999138116837e-05 36 
9.929999941959977e-05 50 
0.00031870001112110913 100 
0.00044059997890144587 130 
0.0005469000025186688 150 
0.0009135000000242144 210 
0.0008983999723568559 270 
0.0021203999931458384 350 
0.003026299993507564 420 
0.005205399997066706 500 
0.00696060000336729 560 
0.011898500000825152 700 
0.024697400018339977 1000 
0.07305620002443902 1500 
0.20175659999949858 2250 
0.4398218000133056 3000 
0.00015930001973174512 1 
8.070000330917537e-05 2 
6.829999620094895e-05 3 
6.630001007579267e-05 4 
8.13000078778714e-05 5 
6.910000229254365e-05 6 
6.890000076964498e-05 7 
7.9699995694682e-05 8 
7.499998901039362e-05 9 
7.159999222494662e-05 10 
7.670000195503235e-05 14 
8.979998528957367e-05 16 
0.0001066999975591898 20 
0.00015310000162571669 23 
0.00015419998089782894 27 
0.00018339999951422215 36 
0.0001737999846227467 50 
0.0003197999903932214 100 
0.00032550000469200313 130 
0.0005342999938875437 150 
0.0008708999957889318 210 
0.0009352999913971871 270 
0.0016586999990977347 350 
0.0027347000141162425 420 
0.0045825999986846 500 
0.0064347999868914485 560 
0.01270319998729974 700 
0.02441690000705421 1000 
0.0727210000040941 1500 
0.2146216999972239 2250 
0.5077871000103187 3000 
0.00016900000628083944 1 
8.739999611862004e-05 2 
7.720000576227903e-05 3 
7.509998977184296e-05 4 
7.449998520314693e-05 5 
7.880001794546843e-05 6 
8.759999764151871e-05 7 
0.00010139998630620539 8 
9.329998283647001e-05 9 
7.959999493323267e-05 10 
8.38999985717237e-05 14 
7.919999188743532e-05 16 
9.99000039882958e-05 20 
0.00013530001160688698 23 
0.00016789999790489674 27 
0.0001601999974809587 36 
0.00017079999088309705 50 
0.000309199996991083 100 
0.0005464999994728714 130 
0.0005687999946530908 150 
0.0009460999863222241 210 
0.0021262999798636883 270 
0.0029824999801348895 350 
0.003690199984703213 420 
0.004029900010209531 500 
0.0068758999987039715 560 
0.009559700003592297 700 
0.030188800010364503 1000 
0.06533070001751184 1500 
0.20898039999883622 2250 
0.48462709999876097 3000 
