0.00017210000078193843 1 
9.369998588226736e-05 2 
8.760002674534917e-05 3 
8.279999019578099e-05 4 
7.909999112598598e-05 5 
8.640001760795712e-05 6 
8.460000390186906e-05 7 
8.629998774267733e-05 8 
8.38999985717237e-05 9 
8.670001989230514e-05 10 
8.769999840296805e-05 14 
9.42000187933445e-05 16 
9.82999918051064e-05 20 
0.00010430000838823617 23 
0.00012240000069141388 27 
0.0001272000081371516 36 
0.00013410000246949494 50 
0.00033969999640248716 100 
0.00043429998913779855 130 
0.000668499997118488 150 
0.0006770000036340207 210 
0.0009174000006169081 270 
0.0008589999924879521 350 
0.0023870000150054693 420 
0.004086400003870949 500 
0.004453600005945191 560 
0.00599599999259226 700 
0.011885099986102432 1000 
0.04409369998029433 1500 
0.15615570000954904 2250 
0.27239719999488443 3000 
0.0001474000164307654 1 
8.329999400302768e-05 2 
6.0999998822808266e-05 3 
6.019999273121357e-05 4 
4.959999932907522e-05 5 
4.839999019168317e-05 6 
5.43000060133636e-05 7 
4.610000178217888e-05 8 
4.430001717992127e-05 9 
4.4400017941370606e-05 10 
4.630000330507755e-05 14 
0.0010405999782960862 16 
6.750001921318471e-05 20 
0.0002311999851372093 23 
6.910000229254365e-05 27 
0.00014009998994879425 36 
9.370001498609781e-05 50 
0.00015799998072907329 100 
0.00046010001096874475 130 
0.0006263999966904521 150 
0.00040600000647827983 210 
0.0009186000097543001 270 
0.001381999987643212 350 
0.0017599000129848719 420 
0.003639700007624924 500 
0.002956199983600527 560 
0.007081800024025142 700 
0.01642060000449419 1000 
0.05333969998173416 1500 
0.153588299988769 2250 
0.2734496999764815 3000 
0.00015820001135580242 1 
8.239998714998364e-05 2 
7.239999831654131e-05 3 
8.72999953571707e-05 4 
7.2900002123788e-05 5 
8.030000026337802e-05 6 
0.00026440000510774553 7 
0.0009799000108614564 8 
8.850000449456275e-05 9 
7.459998596459627e-05 10 
7.869998808018863e-05 14 
7.85999873187393e-05 16 
0.0005840000230818987 20 
0.00022789998911321163 23 
0.00023260002490133047 27 
0.0002340999781154096 36 
0.0001382000045850873 50 
0.0004512000014074147 100 
0.0002575000107754022 130 
0.00025740001001395285 150 
0.000583500019274652 210 
0.0006262999959290028 270 
0.001291799999307841 350 
0.002120899996953085 420 
0.0038238000124692917 500 
0.004876700026215985 560 
0.005843599996296689 700 
0.012792699999408796 1000 
0.03805800000554882 1500 
0.1334045999974478 2250 
0.275053499994101 3000 
0.00015089998487383127 1 
0.00010410000686533749 2 
8.690002141520381e-05 3 
0.0001016999885905534 4 
9.089999366551638e-05 5 
9.139999747276306e-05 6 
0.00011110000195913017 7 
9.129999671131372e-05 8 
9.40999889280647e-05 9 
0.00010269999620504677 10 
0.00010279999696649611 14 
9.899999713525176e-05 16 
0.00010229999315924942 20 
0.0001066999975591898 23 
0.00011449999874457717 27 
0.00012879999121651053 36 
0.0001399999891873449 50 
0.00023249999503605068 100 
0.00034569998388178647 130 
0.000374099996406585 150 
0.0005976000102236867 210 
0.0008616000122856349 270 
0.0012045999756082892 350 
0.0023612000222783536 420 
0.003418400010559708 500 
0.0043867000204045326 560 
0.006451099994592369 700 
0.014238000003388152 1000 
0.041067900019697845 1500 
0.13684869999997318 2250 
0.27943019999656826 3000 
0.00015589999384246767 1 
9.209997369907796e-05 2 
0.00010430000838823617 3 
8.909997995942831e-05 4 
8.359999628737569e-05 5 
8.640001760795712e-05 6 
8.47000046633184e-05 7 
8.410000009462237e-05 8 
8.179998258128762e-05 9 
8.269998943433166e-05 10 
9.059999138116837e-05 14 
9.06999921426177e-05 16 
9.769998723641038e-05 20 
9.839999256655574e-05 23 
0.00010149998706765473 27 
0.00010720000136643648 36 
0.00012589999823831022 50 
0.0002455000067129731 100 
0.00046290000318549573 130 
0.0004695999959949404 150 
0.0003808000183198601 210 
0.00050230001215823 270 
0.0012820000119972974 350 
0.001775300013832748 420 
0.002841199981048703 500 
0.002961999998660758 560 
0.005009699991205707 700 
0.015111099986825138 1000 
0.032578500016825274 1500 
0.13057380000827834 2250 
0.2728232000081334 3000 
0.00010760000441223383 1 
6.839999696239829e-05 2 
6.349998875521123e-05 3 
4.9299997044727206e-05 4 
5.01000031363219e-05 5 
4.270000499673188e-05 6 
4.199999966658652e-05 7 
4.189999890513718e-05 8 
4.169999738223851e-05 9 
4.189999890513718e-05 10 
4.5599997974932194e-05 14 
7.239999831654131e-05 16 
6.189997657202184e-05 20 
7.619999814778566e-05 23 
0.00014209997607395053 27 
0.00021399999968707561 36 
0.00010010000551119447 50 
0.00015800000983290374 100 
0.0002434000198263675 130 
0.00030259997583925724 150 
0.00046720000682398677 210 
0.0007330999942496419 270 
0.0009165999945253134 350 
0.0017065999854821712 420 
0.0032666999904904515 500 
0.004491600004257634 560 
0.006433800008380786 700 
0.015409299987368286 1000 
0.03770129999611527 1500 
0.1319171999930404 2250 
0.2558722000103444 3000 
0.00011229998199269176 1 
0.00018699999782256782 2 
0.00030679997871629894 3 
6.359998951666057e-05 4 
0.0004459000192582607 5 
0.00011439999798312783 6 
0.00011779999476857483 7 
6.0699996538460255e-05 8 
5.099998088553548e-05 9 
4.839999019168317e-05 10 
5.0000002374872565e-05 14 
5.599998985417187e-05 16 
7.939999341033399e-05 20 
0.0002523000002838671 23 
0.00017189999925903976 27 
8.979998528957367e-05 36 
0.00032270001247525215 50 
0.00026950001483783126 100 
0.0003924999909941107 130 
0.0003923000185750425 150 
0.0006054000114090741 210 
0.0008191000088118017 270 
0.0009385000157635659 350 
0.0018634000152815133 420 
0.003951599996071309 500 
0.005234700016444549 560 
0.007652999978745356 700 
0.015618300007190555 1000 
0.05452790000708774 1500 
0.14146460001938976 2250 
0.28774969998630695 3000 
0.00015010000788606703 1 
9.440002031624317e-05 2 
9.549999958835542e-05 3 
8.190001244656742e-05 4 
8.069997420534492e-05 5 
8.060000254772604e-05 6 
7.850001566112041e-05 7 
0.00010070001007989049 8 
8.239998714998364e-05 9 
6.0999998822808266e-05 10 
9.800001862458885e-05 14 
9.209997369907796e-05 16 
0.0001094000181183219 20 
0.00010130001464858651 23 
0.00011679998715408146 27 
0.00012260000221431255 36 
0.00027550000231713057 50 
0.000221800000872463 100 
0.0003829000052064657 130 
0.00046609999844804406 150 
0.0006033999961800873 210 
0.0010158999939449131 270 
0.0013354999828152359 350 
0.0015952000103425235 420 
0.002922500018030405 500 
0.0029830999847035855 560 
0.008063099987339228 700 
0.014260600000852719 1000 
0.047392800013767555 1500 
0.1901073000044562 2250 
0.31943559998762794 3000 
0.000139000010676682 1 
6.80000230204314e-05 2 
6.130000110715628e-05 3 
5.9699988923966885e-05 4 
6.019999273121357e-05 5 
5.849997978657484e-05 6 
8.080000407062471e-05 7 
0.00014710001414641738 8 
0.00011389999417588115 9 
0.00010760000441223383 10 
0.00011759999324567616 14 
0.00011170000652782619 16 
0.00011760002234950662 20 
0.00011180000728927553 23 
0.00010390000534243882 27 
9.070002124644816e-05 36 
0.00015199999324977398 50 
0.00036440000985749066 100 
0.0005409999866969883 130 
0.012903099996037781 150 
0.0010874000145122409 210 
0.0009522000036668032 270 
0.0013589999871328473 350 
0.002419600001303479 420 
0.004518499976256862 500 
0.004190700012259185 560 
0.00792070000898093 700 
0.014318500005174428 1000 
0.03552320000017062 1500 
0.14643220001016743 2250 
0.27541880001081154 3000 
0.00014799999189563096 1 
8.009999874047935e-05 2 
6.900000153109431e-05 3 
7.249999907799065e-05 4 
0.0008237999863922596 5 
8.659999002702534e-05 6 
7.569999434053898e-05 7 
6.570000550709665e-05 8 
9.560000034980476e-05 9 
9.220000356435776e-05 10 
8.279999019578099e-05 14 
8.129997877404094e-05 16 
8.58000130392611e-05 20 
0.00032309998641721904 23 
0.00021699999342672527 27 
0.00020710000535473228 36 
9.770001634024084e-05 50 
0.0003198999911546707 100 
0.00046189999557100236 130 
0.0005910999898333102 150 
0.00041649999911896884 210 
0.0008882000111043453 270 
0.0008990000060293823 350 
0.0016254999791271985 420 
0.003424399998039007 500 
0.0038254999963101 560 
0.00644940001075156 700 
0.012917899992316961 1000 
0.045666599995456636 1500 
0.17504200001712888 2250 
0.27485889999661595 3000 
