0.00878740000189282 1 
0.0001396999869029969 2 
0.00012660000356845558 3 
7.240002742037177e-05 4 
7.320000440813601e-05 5 
8.000002708286047e-05 6 
7.589999586343765e-05 7 
7.740000728517771e-05 8 
7.929999264888465e-05 9 
8.420000085607171e-05 10 
0.00012859998969361186 14 
0.00013359999866224825 16 
0.00013930001296103 20 
0.00015119998715817928 23 
0.00016419999883510172 27 
0.00021239998750388622 36 
0.00029960001120343804 50 
0.0008641000022180378 100 
0.001446599984774366 130 
0.0019776999833993614 150 
0.003431000019190833 210 
0.005399599991505966 270 
0.010687700007110834 350 
0.017649499990511686 420 
0.026297300006262958 500 
0.03268219999154098 560 
0.05951799999456853 700 
0.1428623000101652 1000 
0.4968106000160333 1500 
1.926497600012226 2250 
3.6053518999833614 3000 
0.009532299998681992 1 
0.00011259998427703977 2 
0.00012059998698532581 3 
9.879999561235309e-05 4 
9.48999950196594e-05 5 
8.800000068731606e-05 6 
7.139999070204794e-05 7 
6.459999713115394e-05 8 
6.540000322274864e-05 9 
6.540000322274864e-05 10 
0.00015169999096542597 14 
0.0001584000128787011 16 
0.00016399999731220305 20 
0.0001714999962132424 23 
0.00017660000594332814 27 
0.00018200001795776188 36 
0.000309199996991083 50 
0.0010489000123925507 100 
0.001729200012050569 130 
0.0023237999994307756 150 
0.003843699989374727 210 
0.007026400009635836 270 
0.011133499996503815 350 
0.013642500009154901 420 
0.021396999974967912 500 
0.028799200023058802 560 
0.05764799998723902 700 
0.14219019998563454 1000 
0.4359476999961771 1500 
1.5361825999862049 2250 
3.5063908000010997 3000 
0.007736300001852214 1 
0.00014340001507662237 2 
9.210000280290842e-05 3 
8.399999933317304e-05 4 
8.659999002702534e-05 5 
8.629998774267733e-05 6 
0.0001092999882530421 7 
9.129999671131372e-05 8 
9.109999518841505e-05 9 
9.430001955479383e-05 10 
0.0001094000181183219 14 
0.00011670001549646258 16 
0.00013150001177564263 20 
0.00015559999155811965 23 
0.00018239999189972878 27 
0.000221800000872463 36 
0.000377499993192032 50 
0.0008530000050086528 100 
0.0014041000104043633 130 
0.002178700000513345 150 
0.0036222000198904425 210 
0.008050300006289035 270 
0.01211820001481101 350 
0.013940699980594218 420 
0.023906099988380447 500 
0.028724900010274723 560 
0.05457540001953021 700 
0.13690100001986139 1000 
0.4338261999946553 1500 
1.486196400015615 2250 
3.570106899976963 3000 
0.008889100019587204 1 
0.00014819999341852963 2 
0.00011350002023391426 3 
9.649997809901834e-05 4 
0.0001204000145662576 5 
0.00011610001092776656 6 
0.00010810000821948051 7 
0.00010720000136643648 8 
0.00010939998901449144 9 
8.709999383427203e-05 10 
0.0001416000013705343 14 
0.00013259999104775488 16 
0.0001453000004403293 20 
0.00015880001592449844 23 
0.0001799000019673258 27 
0.00023370000417344272 36 
0.00041050001163966954 50 
0.0011516000085975975 100 
0.0014435000193770975 130 
0.0016901000053621829 150 
0.004161199991358444 210 
0.006496199988760054 270 
0.009798800019780174 350 
0.016228799999225885 420 
0.025889200012898073 500 
0.033564899989869446 560 
0.0602630999928806 700 
0.1406325999996625 1000 
0.43845809999038465 1500 
1.5364823999989312 2250 
3.544695699994918 3000 
0.008501999982399866 1 
0.00014410002040676773 2 
9.479999425821006e-05 3 
8.13000078778714e-05 4 
8.47000046633184e-05 5 
8.689999231137335e-05 6 
8.789999992586672e-05 7 
8.880000677891076e-05 8 
0.00011069999891333282 9 
0.00010420000762678683 10 
0.00011500000255182385 14 
0.00011749999248422682 16 
0.00018269999418407679 20 
0.00016949998098425567 23 
0.00014799999189563096 27 
0.00018229999113827944 36 
0.0002985999744851142 50 
0.0009741999965626746 100 
0.0017768999969121069 130 
0.0021403999999165535 150 
0.00439589997404255 210 
0.007146499992813915 270 
0.011357000010320917 350 
0.014284600008977577 420 
0.022862200014060363 500 
0.029592899983981624 560 
0.05697820000932552 700 
0.1348829000198748 1000 
0.44206349999876693 1500 
1.5125138000003062 2250 
3.565612100006547 3000 
0.007206800015410408 1 
0.00010639999527484179 2 
7.249999907799065e-05 3 
6.430002395063639e-05 4 
6.639998173341155e-05 5 
6.78999931551516e-05 6 
6.780002149753273e-05 7 
7.320000440813601e-05 8 
7.139999070204794e-05 9 
7.2900002123788e-05 10 
8.72999953571707e-05 14 
9.610000415705144e-05 16 
0.00014860002556815743 20 
0.00016220001270994544 23 
0.00017499999376013875 27 
0.00023750000400468707 36 
0.000384899991331622 50 
0.0013565999979618937 100 
0.0016496999887749553 130 
0.002374199975747615 150 
0.0040287000010721385 210 
0.005880699987756088 270 
0.009064999991096556 350 
0.017305999994277954 420 
0.020329699997091666 500 
0.029417999990982935 560 
0.05382330002612434 700 
0.142738799971994 1000 
0.4270626999787055 1500 
1.52195130000473 2250 
3.5567198999924585 3000 
0.005984400020679459 1 
0.00014019999071024358 2 
8.829997386783361e-05 3 
7.559999357908964e-05 4 
7.660000119358301e-05 5 
7.780001033097506e-05 6 
8.149998029693961e-05 7 
8.099997648969293e-05 8 
8.489997708238661e-05 9 
0.00011319998884573579 10 
0.00010529998689889908 14 
9.929999941959977e-05 16 
0.00011380002251826227 20 
0.00013040000339969993 23 
0.0001731000083964318 27 
0.00021719999494962394 36 
0.00039030000334605575 50 
0.000829399999929592 100 
0.0013861999905202538 130 
0.0017612999945413321 150 
0.003571600012946874 210 
0.005674999993061647 270 
0.01012690001516603 350 
0.01507230001152493 420 
0.022230599977774546 500 
0.02979949998552911 560 
0.051976799994008616 700 
0.1379045999783557 1000 
0.44757340001524426 1500 
1.4713889000122435 2250 
3.5565876999753527 3000 
0.007127199991373345 1 
0.0001483999949414283 2 
0.00010530001600272954 3 
9.310001041740179e-05 4 
9.590000263415277e-05 5 
9.600000339560211e-05 6 
9.690001024864614e-05 7 
9.590000263415277e-05 8 
0.00010649999603629112 9 
0.00010350000229664147 10 
0.00012509999214671552 14 
0.00012400001287460327 16 
0.00014670001110062003 20 
0.00014819999341852963 23 
0.00018370000179857016 27 
0.0002361999941058457 36 
0.0004239000263623893 50 
0.0009572000126354396 100 
0.001653599989367649 130 
0.0022813999967183918 150 
0.004264199989847839 210 
0.007214600016595796 270 
0.012252500018803403 350 
0.014616999978898093 420 
0.020559599972330034 500 
0.03192969999508932 560 
0.0519483000098262 700 
0.14209609999670647 1000 
0.45522680002613924 1500 
1.5242257000063546 2250 
3.522681399976136 3000 
0.008781000011367723 1 
0.00016540000797249377 2 
0.00012069998774677515 3 
9.26000066101551e-05 4 
9.76000155787915e-05 5 
9.560000034980476e-05 6 
0.0001145999995060265 7 
0.00010390000534243882 8 
0.00010259999544359744 9 
0.00010269999620504677 10 
0.00012229999992996454 14 
0.00011950000771321356 16 
0.00018770000315271318 20 
0.0001736000122036785 23 
0.0003344999859109521 27 
0.00021990001550875604 36 
0.00036720000207424164 50 
0.0016819000011309981 100 
0.0017783000075723976 130 
0.0018837999959941953 150 
0.004370299982838333 210 
0.006675199983874336 270 
0.009352799999760464 350 
0.018260400014696643 420 
0.022796499979449436 500 
0.028728900011628866 560 
0.053928000008454546 700 
0.15043450001394376 1000 
0.45003999999607913 1500 
1.5362489999970421 2250 
3.580956000019796 3000 
0.007875400013290346 1 
0.0001379000023007393 2 
8.820000221021473e-05 3 
7.350000669248402e-05 4 
7.490001735277474e-05 5 
7.639999967068434e-05 6 
7.949999417178333e-05 7 
8.060000254772604e-05 8 
8.319999324157834e-05 9 
8.399999933317304e-05 10 
0.00010569998994469643 14 
0.00010530001600272954 16 
0.0001233999792020768 20 
0.0001345000055152923 23 
0.00016689999029040337 27 
0.0002531000063754618 36 
0.00037640001391991973 50 
0.0010464999941177666 100 
0.0017986000166274607 130 
0.0019051999843213707 150 
0.0039026000013109297 210 
0.005231099989032373 270 
0.009763899986864999 350 
0.01769489998696372 420 
0.02312810000148602 500 
0.030973499990068376 560 
0.06400000001303852 700 
0.14419650001218542 1000 
0.4303490000020247 1500 
1.511649199994281 2250 
3.5626237000105903 3000 
