0.00014379998901858926 1 
9.74999857135117e-05 2 
8.440000237897038e-05 3 
7.830001413822174e-05 4 
5.479998071677983e-05 5 
5.319999763742089e-05 6 
5.190001684240997e-05 7 
7.039998308755457e-05 8 
5.649999366141856e-05 9 
5.4199976148083806e-05 10 
6.269998266361654e-05 14 
6.639998173341155e-05 16 
7.380000897683203e-05 20 
8.699999307282269e-05 23 
9.90999978967011e-05 27 
0.00028360000578686595 36 
0.00034329999471083283 50 
0.0008018999942578375 100 
0.0012592999846674502 130 
0.0021630999981425703 150 
0.003592299995943904 210 
0.005686800024705008 270 
0.010939400002826005 350 
0.015514600003371015 420 
0.024287500011269003 500 
0.033519300020998344 560 
0.06205369997769594 700 
0.12758659999235533 1000 
0.33955910001532175 1500 
1.111501200008206 2250 
2.6153043000085745 3000 
0.004460800002561882 1 
0.00015879998682066798 2 
0.00012620000052265823 3 
0.00010390000534243882 4 
0.00011180000728927553 5 
0.00010959999053739011 6 
0.0001134999911300838 7 
0.00011230001109652221 8 
0.00011229998199269176 9 
0.00011520000407472253 10 
0.00013139998191036284 14 
0.00013509998098015785 16 
0.00015090001397766173 20 
0.00016709999181330204 23 
0.00018400000408291817 27 
0.00027290001162327826 36 
0.00041569999302737415 50 
0.00111119999201037 100 
0.00128009999752976 130 
0.001675499981502071 150 
0.0045144000032451 210 
0.006158300006063655 270 
0.010047699994174764 350 
0.018945699994219467 420 
0.025715800002217293 500 
0.027417400007834658 560 
0.047132200008491054 700 
0.1262542000040412 1000 
0.3530233000055887 1500 
1.102514500002144 2250 
2.580980399972759 3000 
0.004227600002195686 1 
0.00013719999697059393 2 
0.0001066999975591898 3 
8.969998452812433e-05 4 
8.870000601746142e-05 5 
8.919998072087765e-05 6 
8.759999764151871e-05 7 
8.820000221021473e-05 8 
9.099999442696571e-05 9 
9.769998723641038e-05 10 
0.00010569998994469643 14 
0.00011270001414231956 16 
0.00012970002717338502 20 
0.00014960000407882035 23 
0.00018659999477677047 27 
0.00026309999520890415 36 
0.0007653000066056848 50 
0.0009781999979168177 100 
0.0016445000073872507 130 
0.002143099991371855 150 
0.0032173999934457242 210 
0.005747899995185435 270 
0.010772000008728355 350 
0.016550400003325194 420 
0.0247475000214763 500 
0.03450619999784976 560 
0.05616649999865331 700 
0.12789829997927882 1000 
0.33598269999492913 1500 
1.1106943000049796 2250 
2.5966982999816537 3000 
0.0028572999872267246 1 
8.38999985717237e-05 2 
7.539999205619097e-05 3 
6.78999931551516e-05 4 
7.120001828297973e-05 5 
8.189998334273696e-05 6 
7.249999907799065e-05 7 
6.429999484680593e-05 8 
7.999999797903001e-05 9 
6.739998934790492e-05 10 
7.459998596459627e-05 14 
7.590002496726811e-05 16 
8.460000390186906e-05 20 
0.00010000000474974513 23 
0.00013259999104775488 27 
0.00020650000078603625 36 
0.00030040001729503274 50 
0.0007576999778393656 100 
0.0015608000103384256 130 
0.0018674000166356564 150 
0.004271400015568361 210 
0.005143799993675202 270 
0.009558399993693456 350 
0.015329499990912154 420 
0.02641280001262203 500 
0.03356549999443814 560 
0.056240699981572106 700 
0.12182460000622086 1000 
0.3361791000061203 1500 
1.0937379999959376 2250 
2.6132660000002943 3000 
0.004208199999993667 1 
0.00013839997700415552 2 
0.00011230001109652221 3 
9.469999349676073e-05 4 
0.00010050000855699182 5 
0.0001024999946821481 6 
0.00010559998918324709 7 
0.00010480001219548285 8 
0.00010340000153519213 9 
0.0001047999830916524 10 
0.00012599999899975955 14 
0.00014940000255592167 16 
0.00014699998428113759 20 
0.000162499985890463 23 
0.00017220000154338777 27 
0.0002694000140763819 36 
0.0003586999955587089 50 
0.0009363999997731298 100 
0.001813200011383742 130 
0.0017462999967392534 150 
0.004867000010563061 210 
0.006237199995666742 270 
0.011899500008439645 350 
0.01993049998418428 420 
0.022857100004330277 500 
0.030662800010759383 560 
0.05243569999583997 700 
0.12071689998265356 1000 
0.329178599989973 1500 
1.0963247999898158 2250 
2.583644300000742 3000 
0.0029098999802954495 1 
0.00011970000923611224 2 
7.169999298639596e-05 3 
7.569999434053898e-05 4 
6.079999729990959e-05 5 
6.0699996538460255e-05 6 
6.10999995842576e-05 7 
6.230000872164965e-05 8 
6.659998325631022e-05 9 
6.459999713115394e-05 10 
0.00013810000382363796 14 
0.00012700000661425292 16 
0.00012859998969361186 20 
0.00013879998004995286 23 
0.0001534000039100647 27 
0.0002736000169534236 36 
0.00031529998523183167 50 
0.0008048999879974872 100 
0.0011798000195994973 130 
0.0017681999888736755 150 
0.0033076000108849257 210 
0.006900999986100942 270 
0.009721600014017895 350 
0.014566099998774007 420 
0.02612940000835806 500 
0.03444040002068505 560 
0.05051780000212602 700 
0.12362169998232275 1000 
0.3427821999939624 1500 
1.112030499993125 2250 
2.6072375000221655 3000 
0.003985699993791059 1 
0.00017559999832883477 2 
0.00013770000077784061 3 
0.00014059999375604093 4 
8.480000542476773e-05 5 
0.00010989999282173812 6 
0.00010840001050382853 7 
0.00010639999527484179 8 
7.680000271648169e-05 9 
8.579998393543065e-05 10 
9.560000034980476e-05 14 
0.00014370001736097038 16 
0.00016920000780373812 20 
0.00016870000399649143 23 
0.0001984999980777502 27 
0.0002825999981723726 36 
0.00041229999624192715 50 
0.001000499993097037 100 
0.0015562000044155866 130 
0.0021808999881614 150 
0.00473659997805953 210 
0.005987399985315278 270 
0.012265600002137944 350 
0.015818199986824766 420 
0.02786010000272654 500 
0.03487579998909496 560 
0.05924080000841059 700 
0.13411869999254122 1000 
0.33148890000302345 1500 
1.0757818999991287 2250 
2.647484600020107 3000 
0.004452799999853596 1 
0.00014250000822357833 2 
0.0001033000007737428 3 
8.870000601746142e-05 4 
9.889999637380242e-05 5 
8.260001777671278e-05 6 
8.170001092366874e-05 7 
9.709998266771436e-05 8 
9.009998757392168e-05 9 
9.129999671131372e-05 10 
0.00010250002378597856 14 
0.00012199999764561653 16 
0.00011999998241662979 20 
0.00014280001050792634 23 
0.0001618000096641481 27 
0.000225800002226606 36 
0.00033370000892318785 50 
0.0010070999851450324 100 
0.001337599998805672 130 
0.0018105999915860593 150 
0.004422100028023124 210 
0.005411999998614192 270 
0.009696100023575127 350 
0.014329900004668161 420 
0.02171559998532757 500 
0.029527300008339807 560 
0.049585600005229935 700 
0.12261620000936091 1000 
0.3353349999815691 1500 
1.1017099999880884 2250 
2.6189188999996986 3000 
0.004538800014415756 1 
0.0001501999795436859 2 
0.0001230000052601099 3 
0.00010449998080730438 4 
0.00010590002057142556 5 
0.00010629999451339245 6 
0.0001078000059351325 7 
0.00010519998613744974 8 
0.00012149999383836985 9 
0.00014369998825713992 10 
0.00012810001499019563 14 
0.00012599999899975955 16 
0.0001406000228598714 20 
0.0001553000183776021 23 
0.0003730999887920916 27 
0.00029960001120343804 36 
0.00042860000394284725 50 
0.001058599998941645 100 
0.0016747000045143068 130 
0.0022913000138942152 150 
0.004726499988464639 210 
0.007639299990842119 270 
0.010262199997669086 350 
0.017591599986189976 420 
0.025546899996697903 500 
0.027026699972338974 560 
0.05826570000499487 700 
0.11601930001052096 1000 
0.337464500014903 1500 
1.1054274000052828 2250 
2.6198858999996446 3000 
0.004117500007851049 1 
0.0001514999894425273 2 
0.00010629999451339245 3 
9.039998985826969e-05 4 
9.060002048499882e-05 5 
9.14999982342124e-05 6 
9.220000356435776e-05 7 
9.210000280290842e-05 8 
0.0001109000004362315 9 
0.00013639999087899923 10 
9.849999332800508e-05 14 
9.99000039882958e-05 16 
0.00011289998656138778 20 
0.00012030001380480826 23 
0.00013440000475384295 27 
0.0002035000070463866 36 
0.00027660001069307327 50 
0.0007605999999213964 100 
0.001618400012375787 130 
0.0017652999958954751 150 
0.0039419000095222145 210 
0.006107699999120086 270 
0.009852899995166808 350 
0.01826089998940006 420 
0.023284100025193766 500 
0.02930920000653714 560 
0.0497789999935776 700 
0.13256009999895468 1000 
0.33377139997901395 1500 
1.148096799995983 2250 
2.8076860000146553 3000 
