0.008243899996159598 1 
0.00015609999536536634 2 
0.00011980000999756157 3 
0.00010599999222904444 4 
9.519999730400741e-05 5 
8.58000130392611e-05 6 
8.910000906325877e-05 7 
9.789998875930905e-05 8 
0.00011669998639263213 9 
0.00010550001752562821 10 
9.610000415705144e-05 14 
0.00014340001507662237 16 
0.0001582999830134213 20 
0.00019829999655485153 23 
0.0001826000225264579 27 
0.00025329997879453003 36 
0.00035249997745268047 50 
0.0012561000185087323 100 
0.0018942999886348844 130 
0.0025058000173885375 150 
0.004352699994342402 210 
0.006525400007376447 270 
0.009748799988301471 350 
0.016241899982560426 420 
0.022502300009364262 500 
0.0298350999946706 560 
0.057790799997746944 700 
0.1447121000092011 1000 
0.4721393999934662 1500 
1.6472805999801494 2250 
3.548600999987684 3000 
0.00881850000587292 1 
0.00016419999883510172 2 
9.319998207502067e-05 3 
8.840000373311341e-05 4 
9.180000051856041e-05 5 
9.129999671131372e-05 6 
9.99000039882958e-05 7 
0.00010659999679774046 8 
9.34000127017498e-05 9 
9.620000491850078e-05 10 
0.00011029999586753547 14 
0.0001112000027205795 16 
0.00014280001050792634 20 
0.00014670001110062003 23 
0.00017579999985173345 27 
0.00023249999503605068 36 
0.0003825000021606684 50 
0.0010631000041030347 100 
0.0016890999977476895 130 
0.0020309000101406127 150 
0.004333999997470528 210 
0.006001100002322346 270 
0.009631299995817244 350 
0.016385700000682846 420 
0.02187139997840859 500 
0.028504200017778203 560 
0.06165059999329969 700 
0.14414859999669716 1000 
0.4351174000184983 1500 
1.5033071000070777 2250 
3.5757395999971777 3000 
0.005858500022441149 1 
9.730001329444349e-05 2 
7.129998994059861e-05 3 
6.329998723231256e-05 4 
0.0001194999786093831 5 
7.830001413822174e-05 6 
7.929999264888465e-05 7 
0.0001044000091496855 8 
0.00011380002251826227 9 
0.00010430000838823617 10 
0.00012660000356845558 14 
0.00012209999840706587 16 
0.00013929998385719955 20 
0.00014720001490786672 23 
0.00018699999782256782 27 
0.00022070002160035074 36 
0.0003595000016503036 50 
0.0010093000018969178 100 
0.0014693000121042132 130 
0.0017961999983526766 150 
0.0038955000054556876 210 
0.007073500019032508 270 
0.010119000013219193 350 
0.017711600026814267 420 
0.02326570000150241 500 
0.0318148999940604 560 
0.06016980001004413 700 
0.13686820000293665 1000 
0.4246358000091277 1500 
1.5189554000098724 2250 
3.541822300001513 3000 
0.006272799975704402 1 
0.00010489998385310173 2 
0.00010070001007989049 3 
0.00012700000661425292 4 
0.00012399998377077281 5 
0.00011930000619031489 6 
0.00011680001625791192 7 
0.00011829999857582152 8 
0.00012139999307692051 9 
0.00012209999840706587 10 
0.00014369998825713992 14 
0.00010850001126527786 16 
0.00013879998004995286 20 
0.00012859998969361186 23 
0.00013970001600682735 27 
0.00017740001203492284 36 
0.0003215000033378601 50 
0.0009021000005304813 100 
0.0015749000012874603 130 
0.0016746000037528574 150 
0.003584099991712719 210 
0.0053872999851591885 270 
0.011322300008032471 350 
0.014012600004207343 420 
0.01996169998892583 500 
0.027870999998413026 560 
0.05949079999118112 700 
0.13637990001006983 1000 
0.4206298000062816 1500 
1.5057755000016186 2250 
3.546546900004614 3000 
0.006432700000004843 1 
0.0001608999737072736 2 
0.0001016999885905534 3 
6.930000381544232e-05 4 
7.159999222494662e-05 5 
7.430001278407872e-05 6 
0.00010040000779554248 7 
7.660000119358301e-05 8 
7.54999928176403e-05 9 
7.539999205619097e-05 10 
9.379998664371669e-05 14 
9.449999197386205e-05 16 
0.00011819999781437218 20 
0.00011220001033507288 23 
0.00013020000187680125 27 
0.00016719999257475138 36 
0.00029340002220124006 50 
0.0012202000070828944 100 
0.0015287999995052814 130 
0.0022745000023860484 150 
0.0040317999955732375 210 
0.007034800015389919 270 
0.010105599998496473 350 
0.016905399999814108 420 
0.024301600002218038 500 
0.02667360001942143 560 
0.05351379999774508 700 
0.1431293000059668 1000 
0.44032539997715503 1500 
1.500735599984182 2250 
3.5876255000184756 3000 
0.005516999983228743 1 
8.230001549236476e-05 2 
5.7199998991563916e-05 3 
4.789998638443649e-05 4 
4.849999095313251e-05 5 
4.779998562298715e-05 6 
4.879999323748052e-05 7 
5.949998740106821e-05 8 
9.059999138116837e-05 9 
7.340000593103468e-05 10 
9.330001194030046e-05 14 
7.310000364668667e-05 16 
8.260001777671278e-05 20 
0.00010049997945316136 23 
0.00010419997852295637 27 
0.00016580001101829112 36 
0.0002955000090878457 50 
0.001258200005395338 100 
0.002147399995010346 130 
0.0017797999898903072 150 
0.003975500003434718 210 
0.008422399987466633 270 
0.012311500002397224 350 
0.014211400004569441 420 
0.023209999984828755 500 
0.027713899995433167 560 
0.05889719998231158 700 
0.1413544999959413 1000 
0.4506710999994539 1500 
1.5145196999947075 2250 
3.51990559999831 3000 
0.005639400013023987 1 
9.68000094871968e-05 2 
7.6299998909235e-05 3 
6.659998325631022e-05 4 
6.910000229254365e-05 5 
0.00011439999798312783 6 
9.670000872574747e-05 7 
7.589999586343765e-05 8 
7.670000195503235e-05 9 
8.249998791143298e-05 10 
0.00011270001414231956 14 
0.00011779999476857483 16 
0.00010289999772794545 20 
0.00010949998977594078 23 
0.00012770001194439828 27 
0.0001734999823383987 36 
0.0003611999854911119 50 
0.0007745999901089817 100 
0.0012747999862767756 130 
0.0023561999842058867 150 
0.003393100021639839 210 
0.005631699983496219 270 
0.009656100010033697 350 
0.013783200003672391 420 
0.02376479998929426 500 
0.027796800015494227 560 
0.05512769997585565 700 
0.1519898000115063 1000 
0.44115230001625605 1500 
1.4959725000080653 2250 
3.611287900013849 3000 
0.005694999999832362 1 
9.76000155787915e-05 2 
7.579999510198832e-05 3 
7.010000990703702e-05 4 
0.00010919998749159276 5 
9.82999918051064e-05 6 
0.00011679998715408146 7 
0.00010629999451339245 8 
0.00011049999739043415 9 
0.00011219998123124242 10 
0.00012780001270584762 14 
0.00013149998267181218 16 
0.0001480000209994614 20 
0.00015899998834356666 23 
0.00019210000755265355 27 
0.00022489999537356198 36 
0.0003771000192500651 50 
0.0009665000252425671 100 
0.0015075000119395554 130 
0.0021958999859634787 150 
0.003946499986341223 210 
0.006003099988447502 270 
0.011077699979068711 350 
0.014751600014278665 420 
0.024353799992240965 500 
0.032827300019562244 560 
0.05415099998936057 700 
0.14245169999776408 1000 
0.4249545000202488 1500 
1.5196241000085138 2250 
3.5827501000021584 3000 
0.005933500011451542 1 
0.00010699999984353781 2 
6.369999027810991e-05 3 
5.4500007536262274e-05 4 
5.5100012104958296e-05 5 
5.3499999921768904e-05 6 
5.509998300112784e-05 7 
9.739998495206237e-05 8 
9.270000737160444e-05 9 
7.330000516958535e-05 10 
7.759997970424592e-05 14 
7.589999586343765e-05 16 
8.9599983766675e-05 20 
0.00013329999637790024 23 
0.00012250000145286322 27 
0.00022479999461211264 36 
0.00030300000798888505 50 
0.0009954999841284007 100 
0.002633099997183308 130 
0.003177200007485226 150 
0.004890899988822639 210 
0.006931100011570379 270 
0.012009199999738485 350 
0.014859799994155765 420 
0.022285800019744784 500 
0.03391139997984283 560 
0.05277730000670999 700 
0.137986700021429 1000 
0.44727279999642633 1500 
1.5060907000151929 2250 
3.5284253999998327 3000 
0.0075289000233169645 1 
0.0001303000026382506 2 
8.6499989265576e-05 3 
7.570002344436944e-05 4 
7.639999967068434e-05 5 
7.760000880807638e-05 6 
8.019999950192869e-05 7 
8.230001549236476e-05 8 
8.639998850412667e-05 9 
0.00011900000390596688 10 
0.00011480000102892518 14 
0.00011389999417588115 16 
0.0001317999849561602 20 
0.00016140000661835074 23 
0.00017640000442042947 27 
0.00022449999232776463 36 
0.00038660000427626073 50 
0.001127800001995638 100 
0.001906199991935864 130 
0.002030700008617714 150 
0.005035499983932823 210 
0.006369300012011081 270 
0.009802599990507588 350 
0.013788400014163926 420 
0.020549400011077523 500 
0.028354400012176484 560 
0.05357180000282824 700 
0.1507831999915652 1000 
0.42210749999503605 1500 
1.4901900000113528 2250 
3.531364399997983 3000 
